Sample        Spectrum      Background    Delta
 0            -334.9965      46           -382 
 1            -190.0044      46           -237 
 2            -240.4985      46           -288 
 3            -288.9985      46           -336 
 4            -287.0001      46           -334 
 5            -250.0011      46           -297 
 6            -295.4986      46           -343 
 7            -254.0013      46           -301 
 8            -266.9996      46           -314 
 9            -280.9996      46           -328 
 10           -281           46           -328 
 11           -178.0031      46           -225 
 12           -336.9951      46           -384 
 13           -211.5038      46           -259 
 14           -203.0003      46           -250 
 15           -238.9989      46           -286 
 16           -241.9999      46           -289 
 17           -314.4978      46           -362 
 18           -230.0026      46           -277 
 19           -319.9973      46           -367 
 20           -237.5025      46           -285 
 21           -292.9983      46           -340 
 22           -245.0015      46           -292 
 23           -250.9998      46           -298 
 24           -277.4992      46           -325 
 25           -283.4998      46           -331 
 26           -270.0004      46           -317 
 27           -261.0003      46           -308 
 28           -266.4998      46           -314 
 29           -287.9993      46           -335 
 30           -290.9999      46           -338 
 31           -226.002       46           -273 
 32           -297.4978      46           -345 
 33           -253.0014      46           -300 
 34           -230.5007      46           -278 
 35           -272.9987      46           -320 
 36           -292.9994      46           -340 
 37           -294.5         46           -342 
 38           -207.0027      46           -254 
 39           -288.9975      46           -336 
 40           -287.5001      46           -335 
 41           -195.0028      46           -242 
 42           -241.4986      46           -289 
 43           -249.9997      46           -297 
 44           -270.9994      46           -318 
 45           -208.5019      46           -256 
 46           -248.4988      46           -296 
 47           -190.0018      46           -237 
 48           -264.9977      46           -312 
 49           -211.0016      46           -258 
 50           -275.498       46           -323 
 51           -283.9998      46           -331 
 52           -249.5011      46           -297 
 53           -203.0014      46           -250 
 54           -228.9992      46           -276 
 55           -176.0016      46           -223 
 56           -173.0001      46           -220 
 57           -254.9975      46           -302 
 58           -194.0019      46           -241 
 59           -228.9989      46           -276 
 60           -244.9995      46           -292 
 61           -256.9996      46           -304 
 62           -138.0036      46           -185 
 63           -255.4964      46           -303 
 64           -211.0014      46           -258 
 65           -304.9971      46           -352 
 66           -278.0008      46           -325 
 67           -305.9991      46           -353 
 68           -266.0012      46           -313 
 69           -318.9984      46           -366 
 70           -167.0046      46           -214 
 71           -210.4987      46           -258 
 72           -246.9989      46           -294 
 73           -225.5007      46           -273 
 74           -299.4977      46           -347 
 75           -251.0015      46           -298 
 76           -222.0009      46           -269 
 77           -267.9986      46           -315 
 78           -171.003       46           -218 
 79           -166.0002      46           -213 
 80           -210.4986      46           -258 
 81           -268.4982      46           -316 
 82           -192.5023      46           -240 
 83           -245.9984      46           -293 
 84           -193.0016      46           -240 
 85           -272.9976      46           -320 
 86           -184.0027      46           -231 
 87           -253.4979      46           -301 
 88           -279.9992      46           -327 
 89           -184.0029      46           -231 
 90           -242.4982      46           -290 
 91           -165.0024      46           -212 
 92           -143.5007      46           -191 
 93           -145           46           -192 
 94           -222.9976      46           -270 
 95           -91.50401      46           -139 
 96           -238.9955      46           -286 
 97           -108.004       46           -155 
 98           -18.00275      46           -65 
 99           -90.99777      46           -138 
 100          -62.00089      46           -109 
 101           89.99536      46            43 
 102           72.50053      46            25 
 103           0.5021973     46           -47 
 104           57.49826      46            10 
 105           133.9977      46            87 
 106           145.4996      46            98 
 107           174.4991      46            127 
 108           236.9981      46            190 
 109           284.4986      46            237 
 110           386.9969      46            340 
 111           467.9975      46            421 
 112           433.0011      46            386 
 113           548.9965      46            502 
 114           508.0013      46            461 
 115           488.0006      46            441 
 116           588.9969      46            542 
 117           586.5001      46            539 
 118           708.9962      46            662 
 119           666.0013      46            619 
 120           920.4923      46            873 
 121           804.5035      46            757 
 122           764.0012      46            717 
 123           1069.991      46            1023 
 124           925.0045      46            878 
 125           1204.991      46            1158 
 126           1197          46            1150 
 127           1414.993      46            1368 
 128           1455.499      46            1408 
 129           1522.498      46            1475 
 130           1628.997      46            1582 
 131           1743.996      46            1697 
 132           1826.997      46            1780 
 133           1886.998      46            1840 
 134           1834.502      46            1787 
 135           1941.497      46            1894 
 136           2156.493      46            2109 
 137           2124.001      46            2077 
 138           2153.499      46            2106 
 139           2171.499      46            2124 
 140           2342.995      46            2296 
 141           2124.507      46            2077 
 142           2288.995      46            2242 
 143           2245.001      46            2198 
 144           2559.99       46            2513 
 145           2767.994      46            2721 
 146           2715.501      46            2668 
 147           2971.992      46            2925 
 148           2881.003      46            2834 
 149           3062.994      46            3016 
 150           3101.999      46            3055 
 151           3168.998      46            3122 
 152           3291.496      46            3244 
 153           3690.488      46            3643 
 154           4059.489      46            4012 
 155           4618.983      46            4572 
 156           4981.489      46            4934 
 157           5265.492      46            5218 
 158           5768.984      46            5722 
 159           5654.003      46            5607 
 160           5756.997      46            5710 
 161           5886.496      46            5839 
 162           5854          46            5807 
 163           5897.999      46            5851 
 164           6159.492      46            6112 
 165           6307.995      46            6261 
 166           6472.995      46            6426 
 167           6541.998      46            6495 
 168           6480.502      46            6433 
 169           6632.496      46            6585 
 170           6689.998      46            6643 
 171           6668.5        46            6621 
 172           6598.502      46            6551 
 173           6727.996      46            6681 
 174           6831.498      46            6784 
 175           6695.003      46            6648 
 176           6531.005      46            6484 
 177           6555.999      46            6509 
 178           6457.503      46            6410 
 179           6521.998      46            6475 
 180           6570.999      46            6524 
 181           6702.495      46            6655 
 182           6763.998      46            6717 
 183           7171.487      46            7124 
 184           7342.995      46            7296 
 185           7609.992      46            7563 
 186           7800.993      46            7754 
 187           7838.999      46            7792 
 188           8155.99       46            8109 
 189           8066.502      46            8019 
 190           8455.487      46            8408 
 191           8645.993      46            8599 
 192           8648          46            8601 
 193           8936.992      46            8890 
 194           9118.995      46            9072 
 195           9255.997      46            9209 
 196           9142.504      46            9095 
 197           9431.992      46            9385 
 198           9321.004      46            9274 
 199           9357.501      46            9310 
 200           9290.001      46            9243 
 201           9396.497      46            9349 
 202           9727.988      46            9681 
 203           9519.007      46            9472 
 204           9771.993      46            9725 
 205           9661.003      46            9614 
 206           9380.508      46            9333 
 207           9685.991      46            9639 
 208           9560.004      46            9513 
 209           9557          46            9510 
 210           9744.995      46            9698 
 211           9682.501      46            9635 
 212           9558.504      46            9511 
 213           9714.995      46            9668 
 214           9985.992      46            9939 
 215           9899.003      46            9852 
 216           9995.496      46            9948 
 217           10085         46            10038 
 218           9949.004      46            9902 
 219           10044.5       46            9997 
 220           9964.003      46            9917 
 221           9747.008      46            9700 
 222           9827.997      46            9781 
 223           9564.008      46            9517 
 224           9500.503      46            9453 
 225           9473.002      46            9426 
 226           9479          46            9432 
 227           9778.491      46            9731 
 228           10047.5       46            10000 
 229           9923          46            9876 
 230           9900.5        46            9853 
 231           9940          46            9893 
 232           9968.5        46            9921 
 233           9989          46            9942 
 234           9917.5        46            9870 
 235           9794.5        46            9747 
 236           9764.5        46            9717 
 237           9828          46            9781 
 238           9848          46            9801 
 239           9717          46            9670 
 240           10026         46            9979 
 241           9707.5        46            9660 
 242           9742          46            9695 
 243           9578          46            9531 
 244           9526          46            9479 
 245           9496          46            9449 
 246           9409          46            9362 
 247           9185.5        46            9138 
 248           9472          46            9425 
 249           9290          46            9243 
 250           9543          46            9496 
 251           9693.5        46            9646 
 252           9825.5        46            9778 
 253           9820          46            9773 
 254           9778          46            9731 
 255           9818          46            9771 
 256           9691.5        46            9644 
 257           9868.5        46            9821 
 258           10096.5       46            10049 
 259           9965          46            9918 
 260           10050         46            10003 
 261           10074         46            10027 
 262           10024         46            9977 
 263           9914          46            9867 
 264           9937          46            9890 
 265           9719          46            9672 
 266           9762          46            9715 
 267           9861          46            9814 
 268           9800          46            9753 
 269           9833.5        46            9786 
 270           9786.5        46            9739 
 271           9955.5        46            9908 
 272           10134         46            10087 
 273           10018         46            9971 
 274           10682         46            10635 
 275           10713         46            10666 
 276           10908.5       46            10861 
 277           10625         46            10578 
 278           10720.5       46            10673 
 279           10504         46            10457 
 280           10479.5       46            10432 
 281           9892.5        46            9845 
 282           9482          46            9435 
 283           9654          46            9607 
 284           9570.5        46            9523 
 285           9627.5        46            9580 
 286           9545.5        46            9498 
 287           9723          46            9676 
 288           9590          46            9543 
 289           9617          46            9570 
 290           9403          46            9356 
 291           9414          46            9367 
 292           9618          46            9571 
 293           9659.5        46            9612 
 294           9554.5        46            9507 
 295           9642          46            9595 
 296           9603.5        46            9556 
 297           9817.5        46            9770 
 298           9839          46            9792 
 299           9764          46            9717 
 300           9604          46            9557 
 301           9620.5        46            9573 
 302           9658          46            9611 
 303           9539          46            9492 
 304           9487          46            9440 
 305           9684          46            9637 
 306           9578          46            9531 
 307           9451.5        46            9404 
 308           9480          46            9433 
 309           9278          46            9231 
 310           9336          46            9289 
 311           9260          46            9213 
 312           9366.5        46            9319 
 313           9132.5        46            9085 
 314           9242          46            9195 
 315           9309.5        46            9262 
 316           9082          46            9035 
 317           9144          46            9097 
 318           9228          46            9181 
 319           9018.5        46            8971 
 320           9263          46            9216 
 321           8973          46            8926 
 322           9183.5        46            9136 
 323           8820.5        46            8773 
 324           9170.5        46            9123 
 325           9125          46            9078 
 326           9155.5        46            9108 
 327           9122.5        46            9075 
 328           9424.5        46            9377 
 329           9497          46            9450 
 330           9533          46            9486 
 331           9526          46            9479 
 332           9562.5        46            9515 
 333           9565.5        46            9518 
 334           9629.5        46            9582 
 335           9532          46            9485 
 336           9222          46            9175 
 337           9211.5        46            9164 
 338           9035          46            8988 
 339           9036          46            8989 
 340           9009.5        46            8962 
 341           9059          46            9012 
 342           9142.5        46            9095 
 343           9122.5        46            9075 
 344           8955.5        46            8908 
 345           9115          46            9068 
 346           8990          46            8943 
 347           8992          46            8945 
 348           8929.5        46            8882 
 349           8954          46            8907 
 350           8752          46            8705 
 351           8715.5        46            8668 
 352           8828          46            8781 
 353           8844          46            8797 
 354           8946.5        46            8899 
 355           8804          46            8757 
 356           9110          46            9063 
 357           8900          46            8853 
 358           8871.5        46            8824 
 359           8770          46            8723 
 360           8766          46            8719 
 361           8837          46            8790 
 362           8818          46            8771 
 363           8943.5        46            8896 
 364           8684          46            8637 
 365           8975.5        46            8928 
 366           9006.5        46            8959 
 367           8754          46            8707 
 368           8793          46            8746 
 369           8955          46            8908 
 370           8791.5        46            8744 
 371           8646          46            8599 
 372           8236          46            8189 
 373           8250          46            8203 
 374           8237          46            8190 
 375           7994          46            7947 
 376           7920          46            7873 
 377           7994          46            7947 
 378           8204          46            8157 
 379           8450.5        46            8403 
 380           8175.5        46            8128 
 381           8275          46            8228 
 382           8308          46            8261 
 383           8181          46            8134 
 384           7994.5        46            7947 
 385           8043.5        46            7996 
 386           8035.5        46            7988 
 387           8074          46            8027 
 388           8267          46            8220 
 389           7939.5        46            7892 
 390           8045          46            7998 
 391           7987          46            7940 
 392           7814          46            7767 
 393           7849          46            7802 
 394           7681          46            7634 
 395           7519          46            7472 
 396           7459          46            7412 
 397           7481          46            7434 
 398           7454          46            7407 
 399           7401.5        46            7354 
 400           7502          46            7455 
 401           7508.5        46            7461 
 402           7652          46            7605 
 403           7683          46            7636 
 404           7720          46            7673 
 405           7702          46            7655 
 406           7907          46            7860 
 407           7744          46            7697 
 408           7870.5        46            7823 
 409           7823          46            7776 
 410           7776.5        46            7729 
 411           7645          46            7598 
 412           7463          46            7416 
 413           7375.5        46            7328 
 414           7173.5        46            7126 
 415           7202          46            7155 
 416           7316          46            7269 
 417           7146.5        46            7099 
 418           7115          46            7068 
 419           7111.5        46            7064 
 420           6890          46            6843 
 421           7028          46            6981 
 422           7053          46            7006 
 423           6822          46            6775 
 424           6430          46            6383 
 425           6266          46            6219 
 426           5384          46            5337 
 427           4744.5        46            4697 
 428           4420          46            4373 
 429           4037          46            3990 
 430           4139          46            4092 
 431           4501          46            4454 
 432           5189          46            5142 
 433           5536          46            5489 
 434           5952          46            5905 
 435           6281          46            6234 
 436           6552.5        46            6505 
 437           6668          46            6621 
 438           6653.5        46            6606 
 439           6785          46            6738 
 440           6585.5        46            6538 
 441           6661          46            6614 
 442           6537.5        46            6490 
 443           6364.5        46            6317 
 444           6541          46            6494 
 445           6436          46            6389 
 446           6316          46            6269 
 447           6264          46            6217 
 448           6381.5        46            6334 
 449           6154.5        46            6107 
 450           5908          46            5861 
 451           5765.5        46            5718 
 452           5669          46            5622 
 453           5713          46            5666 
 454           5511          46            5464 
 455           5572          46            5525 
 456           5165          46            5118 
 457           5323          46            5276 
 458           5077          46            5030 
 459           4958.5        46            4911 
 460           4879          46            4832 
 461           4540          46            4493 
 462           4628          46            4581 
 463           4421.5        46            4374 
 464           4350.5        46            4303 
 465           4054          46            4007 
 466           3899          46            3852 
 467           3865          46            3818 
 468           3721          46            3674 
 469           3640          46            3593 
 470           3558.5        46            3511 
 471           3496          46            3449 
 472           3423          46            3376 
 473           3479.5        46            3432 
 474           3742          46            3695 
 475           3742          46            3695 
 476           3825.5        46            3778 
 477           3814          46            3767 
 478           3972.5        46            3925 
 479           4225          46            4178 
 480           4092.5        46            4045 
 481           4126          46            4079 
 482           3927          46            3880 
 483           4100.5        46            4053 
 484           4103          46            4056 
 485           4312.5        46            4265 
 486           4223.5        46            4176 
 487           3948          46            3901 
 488           3955          46            3908 
 489           3866.5        46            3819 
 490           3793          46            3746 
 491           3642          46            3595 
 492           3545.5        46            3498 
 493           3276          46            3229 
 494           3191          46            3144 
 495           2868.5        46            2821 
 496           2812          46            2765 
 497           2801.5        46            2754 
 498           2641          46            2594 
 499           2861          46            2814 
 500           3004          46            2957 
 501           3042.5        46            2995 
 502           2932          46            2885 
 503           3131          46            3084 
 504           2982          46            2935 
 505           3048.5        46            3001 
 506           2796.5        46            2749 
 507           2761.5        46            2714 
 508           2710          46            2663 
 509           2717          46            2670 
 510           2948          46            2901 
 511           2864.5        46            2817 
 512           2748.5        46            2701 
 513           2862          46            2815 
 514           3185          46            3138 
 515           3222.5        46            3175 
 516           3267.5        46            3220 
 517           3097          46            3050 
 518           3169.5        46            3122 
 519           3237.5        46            3190 
 520           3196          46            3149 
 521           3029.5        46            2982 
 522           2685          46            2638 
 523           2822          46            2775 
 524           2749          46            2702 
 525           2718          46            2671 
 526           2530          46            2483 
 527           2503          46            2456 
 528           2134.5        46            2087 
 529           1920.003      46            1873 
 530           1812.996      46            1766 
 531           1683.001      46            1636 
 532           1558          46            1511 
 533           1459.999      46            1413 
 534           1500          46            1453 
 535           1513.998      46            1467 
 536           1505.502      46            1458 
 537           1336.503      46            1289 
 538           1326.003      46            1279 
 539           1360.498      46            1313 
 540           1251.503      46            1204 
 541           1303.999      46            1257 
 542           1210.001      46            1163 
 543           1241          46            1194 
 544           1129          46            1082 
 545           1225.999      46            1179 
 546           1218.997      46            1172 
 547           1189.999      46            1143 
 548           1067.5        46            1020 
 549           1297.503      46            1250 
 550           1371          46            1324 
 551           1444.5        46            1397 
 552           1387.501      46            1340 
 553           1361.998      46            1315 
 554           1476.497      46            1429 
 555           1482          46            1435 
 556           1415.001      46            1368 
 557           1357.501      46            1310 
 558           1154.998      46            1108 
 559           1233.998      46            1187 
 560           1237.005      46            1190 
 561           1212.002      46            1165 
 562           1167.001      46            1120 
 563           1133.001      46            1086 
 564           1209          46            1162 
 565           1145.496      46            1098 
 566           1086.498      46            1039 
 567           965.9969      46            919 
 568           1027.502      46            980 
 569           881           46            834 
 570           741.0044      46            694 
 571           796.0023      46            749 
 572           773.9987      46            727 
 573           750.0023      46            703 
 574           656.5018      46            609 
 575           611.5029      46            564 
 576           691.494       46            644 
 577           692.5001      46            645 
 578           637.9999      46            591 
 579           830.0029      46            783 
 580           810.9976      46            764 
 581           902.0002      46            855 
 582           874.5         46            827 
 583           836.0009      46            789 
 584           846.001       46            799 
 585           751.0002      46            704 
 586           795           46            748 
 587           729.0006      46            682 
 588           739.0011      46            692 
 589           639.4994      46            592 
 590           686.9995      46            640 
 591           798.9985      46            752 
 592           681.5006      46            634 
 593           770.4998      46            723 
 594           742.0002      46            695 
 595           720.001       46            673 
 596           748.0016      46            701 
 597           768.9985      46            722 
 598           688.9995      46            642 
 599           756.0011      46            709 
 600           699.9983      46            653 
 601           792.5005      46            745 
 602           755.5013      46            708 
 603           678.9952      46            632 
 604           656.0012      46            609 
 605           587.0016      46            540 
 606           646.5023      46            599 
 607           471.002       46            424 
 608           460.501       46            413 
 609           465           46            418 
 610           386.5006      46            339 
 611           290.0023      46            243 
 612           340.0011      46            293 
 613           329.9974      46            283 
 614           281.9984      46            235 
 615           282.9999      46            236 
 616           297.5024      46            250 
 617           276.0026      46            229 
 618           298.0001      46            251 
 619           258.9998      46            212 
 620           253.5007      46            206 
 621           235.9993      46            189 
 622           238.9982      46            192 
 623           219.9988      46            173 
 624           153.9999      46            107 
 625           188.0007      46            141 
 626           151.9996      46            105 
 627           115.4998      46            68 
 628           78.0022       46            31 
 629           190.9982      46            144 
 630           80.00012      46            33 
 631           27.99939      46           -19 
 632           64.50061      46            17 
 633           113.9969      46            67 
 634          -27.99719      46           -75 
 635           54.00256      46            7 
 636           11.9978       46           -35 
 637          -36.00073      46           -83 
 638           32.99841      46           -14 
 639           23.00049      46           -24 
 640          -28.49719      46           -76 
 641          -18.99829      46           -66 
 642           15.99536      46           -31 
 643           13.50073      46           -34 
 644          -88.99976      46           -136 
 645          -7.997803      46           -55 
 646           20.9989       46           -26 
 647          -76.00317      46           -123 
 648          -25.99939      46           -73 
 649          -37.50262      46           -85 
 650           88.49805      46            41 
 651          -87.99988      46           -135 
 652          -4.999268      46           -52 
 653          -61.49451      46           -109 
 654           22.50037      46           -25 
 655           7.998535      46           -39 
 656          -83.99927      46           -131 
 657           47.0011       46            0 
 658          -21.49939      46           -69 
 659          -17.50293      46           -65 
 660          -3.998657      46           -51 
 661           36.00085      46           -11 
 662          -31.50049      46           -79 
 663          -13.00012      46           -60 
 664          -9.000732      46           -56 
 665          -56.99976      46           -104 
 666           7.500122      46           -40 
 667          -61.50354      46           -109 
 668          -24.49927      46           -72 
 669          -64.00085      46           -111 
 670           30.4989       46           -17 
 671          -20.99805      46           -68 
 672          -16.49829      46           -64 
 673          -62.99976      46           -110 
 674          -20.00146      46           -67 
 675          -18.00061      46           -65 
 676          -42.49683      46           -90 
 677          -25.5          46           -73 
 678           1.501099      46           -46 
 679          -62.00085      46           -109 
 680           23.4989       46           -24 
 681           126           46            79 
 682           42.00024      46           -5 
 683           29.50208      46           -18 
 684           26            46           -21 
 685           2.999878      46           -44 
 686           56.00403      46            9 
 687           31.99939      46           -15 
 688          -4.001831      46           -51 
 689           26.00183      46           -21 
 690           21.00037      46           -26 
 691           27.0033       46           -20 
 692           28.50073      46           -19 
 693          -21.99927      46           -69 
 694          -96.99744      46           -144 
 695          -5.001099      46           -52 
 696          -92.0022       46           -139 
 697           82.00256      46            35 
 698          -2.99939       46           -50 
 699          -51.00122      46           -98 
 700           73.00073      46            26 
 701          -71.00073      46           -118 
 702           14.99854      46           -32 
 703          -30.5          46           -78 
 704           3.997314      46           -43 
 705           6.496826      46           -41 
 706           8.000977      46           -39 
 707           43.00256      46           -4 
 708           47.99915      46            1 
 709           3.998413      46           -43 
 710           101.4966      46            54 
 711           11.49915      46           -36 
 712          -2.002563      46           -49 
 713           93.99988      46            47 
 714           31.495        46           -16 
 715          -40.50116      46           -88 
 716          -44.00012      46           -91 
 717          -52.99927      46           -100 
 718           82.0011       46            35 
 719          -14.99963      46           -62 
 720           76.00232      46            29 
 721           80.49689      46            33 
 722           2.001221      46           -45 
 723           92.99988      46            46 
 724           4.999146      46           -42 
 725           91.99982      46            45 
 726           63.49915      46            16 
 727           60.99792      46            14 
 728           74.00146      46            27 
 729           64.99817      46            18 
 730          -28.99915      46           -76 
 731          -34.00305      46           -81 
 732           61.00146      46            14 
 733           71.00024      46            24 
 734           59.99695      46            13 
 735           70.99988      46            24 
 736           23.00061      46           -24 
 737           99.49939      46            52 
 738           134.9985      46            88 
 739          -6.997314      46           -54 
 740          -106.4983      46           -154 
