Sample        Spectrum      Background    Delta
 0            -211.0043      46           -258 
 1            -288.4977      46           -336 
 2            -343.9983      46           -391 
 3            -258.0026      46           -305 
 4            -308.9984      46           -356 
 5            -321.9996      46           -369 
 6            -291.0009      46           -338 
 7            -322.999       46           -370 
 8            -271.0016      46           -318 
 9            -286.9995      46           -334 
 10           -360.9977      46           -408 
 11           -314.0014      46           -361 
 12           -249.002       46           -296 
 13           -274.9992      46           -322 
 14           -302.9991      46           -350 
 15           -234.5021      46           -282 
 16           -219.5005      46           -267 
 17           -204.5005      46           -252 
 18           -298.9971      46           -346 
 19           -214.5026      46           -262 
 20           -265.4984      46           -313 
 21           -230.0011      46           -277 
 22           -240.9997      46           -288 
 23           -369.9961      46           -417 
 24           -278.5028      46           -326 
 25           -231.0014      46           -278 
 26           -300.9979      46           -348 
 27           -275.5008      46           -323 
 28           -276.5         46           -324 
 29           -230.0014      46           -277 
 30           -277.9985      46           -325 
 31           -295.9995      46           -343 
 32           -262.001       46           -309 
 33           -221.5012      46           -269 
 34           -285.498       46           -333 
 35           -307.9993      46           -355 
 36           -281.0008      46           -328 
 37           -306.4992      46           -354 
 38           -302.0002      46           -349 
 39           -334.499       46           -382 
 40           -299.501       46           -347 
 41           -206.5028      46           -254 
 42           -254.9985      46           -302 
 43           -293.4988      46           -341 
 44           -305.9996      46           -353 
 45           -328.4993      46           -376 
 46           -299.0009      46           -346 
 47           -285.0004      46           -332 
 48           -340.9983      46           -388 
 49           -226.0035      46           -273 
 50           -271.9986      46           -319 
 51           -262.5003      46           -310 
 52           -219.0013      46           -266 
 53           -193.0008      46           -240 
 54           -239.4986      46           -287 
 55           -306.998       46           -354 
 56           -217.5027      46           -265 
 57           -298.4975      46           -346 
 58           -296.0001      46           -343 
 59           -245.0016      46           -292 
 60           -306.4981      46           -354 
 61           -314.9998      46           -362 
 62           -254.0019      46           -301 
 63           -296.4987      46           -344 
 64           -244.0016      46           -291 
 65           -245.5         46           -293 
 66           -237.0003      46           -284 
 67           -214.0007      46           -261 
 68           -261.4985      46           -309 
 69           -232.5009      46           -280 
 70           -230.0001      46           -277 
 71           -229           46           -276 
 72           -289.4982      46           -337 
 73           -208.0025      46           -255 
 74           -275.9979      46           -323 
 75           -329.9984      46           -377 
 76           -290.5012      46           -338 
 77           -198.0028      46           -245 
 78           -262.498       46           -310 
 79           -274.4996      46           -322 
 80           -232.5013      46           -280 
 81           -268.9989      46           -316 
 82           -257.0004      46           -304 
 83           -314.4982      46           -362 
 84           -233.0025      46           -280 
 85           -180.5016      46           -228 
 86           -289.9967      46           -337 
 87           -332.9987      46           -380 
 88           -261.0022      46           -308 
 89           -306.4986      46           -354 
 90           -260.0014      46           -307 
 91           -227.001       46           -274 
 92           -233.9998      46           -281 
 93           -149.0026      46           -196 
 94           -150.9999      46           -198 
 95           -163.4996      46           -211 
 96           -165           46           -212 
 97           -94.00217      46           -141 
 98           -133.9988      46           -181 
 99           -133           46           -180 
 100          -55.00238      46           -102 
 101           22.99762      46           -24 
 102           67.49864      46            20 
 103          -15.49747      46           -63 
 104          -26.99965      46           -74 
 105           19.49858      46           -28 
 106           56.99886      46            10 
 107          -6.498062      46           -54 
 108           237.9925      46            191 
 109           173.502       46            126 
 110           270.997       46            224 
 111           185.5026      46            138 
 112           330.9956      46            284 
 113           255.0023      46            208 
 114           276.9993      46            230 
 115           438.4951      46            391 
 116           330.5033      46            283 
 117           413.4975      46            366 
 118           385.5009      46            338 
 119           411.4992      46            364 
 120           507.9971      46            461 
 121           593.9973      46            547 
 122           599.9998      46            553 
 123           524.0023      46            477 
 124           599.9977      46            553 
 125           826.9932      46            780 
 126           704.5038      46            657 
 127           890.4943      46            843 
 128           973.4975      46            926 
 129           904.0021      46            857 
 130           1040.496      46            993 
 131           1100.998      46            1054 
 132           1069.001      46            1022 
 133           1153.997      46            1107 
 134           1197.999      46            1151 
 135           1248.998      46            1202 
 136           1221.001      46            1174 
 137           1251.499      46            1204 
 138           1171.502      46            1124 
 139           1322.495      46            1275 
 140           1356.499      46            1309 
 141           1305.001      46            1258 
 142           1206.503      46            1159 
 143           1362.995      46            1316 
 144           1555.994      46            1509 
 145           1560          46            1513 
 146           1638.997      46            1592 
 147           1606.001      46            1559 
 148           1731.996      46            1685 
 149           1655.002      46            1608 
 150           1725.498      46            1678 
 151           1791.998      46            1745 
 152           1931.496      46            1884 
 153           2139.994      46            2093 
 154           2212.998      46            2166 
 155           2391.995      46            2345 
 156           2615.993      46            2569 
 157           2804.994      46            2758 
 158           2981.995      46            2935 
 159           3053.998      46            3007 
 160           2924.004      46            2877 
 161           3046.996      46            3000 
 162           3036          46            2989 
 163           3115.998      46            3069 
 164           3285.495      46            3238 
 165           3145.004      46            3098 
 166           3149.5        46            3102 
 167           3292.996      46            3246 
 168           3242.001      46            3195 
 169           3359.996      46            3313 
 170           3238.004      46            3191 
 171           3344.497      46            3297 
 172           3420.998      46            3374 
 173           3298.504      46            3251 
 174           3265.001      46            3218 
 175           3176.003      46            3129 
 176           3089.003      46            3042 
 177           3094          46            3047 
 178           3032.502      46            2985 
 179           3109.998      46            3063 
 180           3143.999      46            3097 
 181           3142          46            3095 
 182           3200.998      46            3154 
 183           3245.499      46            3198 
 184           3446.994      46            3400 
 185           3376.002      46            3329 
 186           3573.994      46            3527 
 187           3587.499      46            3540 
 188           3664.498      46            3617 
 189           3740.498      46            3693 
 190           3687.001      46            3640 
 191           3873.995      46            3827 
 192           3939.499      46            3892 
 193           3884.001      46            3837 
 194           3901.5        46            3854 
 195           3887          46            3840 
 196           3934.499      46            3887 
 197           3968.499      46            3921 
 198           3947.001      46            3900 
 199           3841.503      46            3794 
 200           3908.498      46            3861 
 201           4059.995      46            4013 
 202           4000.002      46            3953 
 203           3904.003      46            3857 
 204           3927.5        46            3880 
 205           3843.502      46            3796 
 206           3907.998      46            3861 
 207           3776.504      46            3729 
 208           3896.997      46            3850 
 209           3857.501      46            3810 
 210           3613.507      46            3566 
 211           3650.999      46            3604 
 212           3718.998      46            3672 
 213           3726          46            3679 
 214           3752.999      46            3706 
 215           3699.002      46            3652 
 216           3738.999      46            3692 
 217           3670.002      46            3623 
 218           3791.496      46            3744 
 219           3601.505      46            3554 
 220           3702.997      46            3656 
 221           3489.507      46            3442 
 222           3511.499      46            3464 
 223           3511          46            3464 
 224           3434.502      46            3387 
 225           3439.5        46            3392 
 226           3480.499      46            3433 
 227           3360.504      46            3313 
 228           3357          46            3310 
 229           3476          46            3429 
 230           3495          46            3448 
 231           3295          46            3248 
 232           3356          46            3309 
 233           3315.002      46            3268 
 234           3354.998      46            3308 
 235           3202.509      46            3155 
 236           3230.999      46            3184 
 237           3225.5        46            3178 
 238           3168.504      46            3121 
 239           3194.999      46            3148 
 240           3106.006      46            3059 
 241           3085.001      46            3038 
 242           3037.503      46            2990 
 243           3064.999      46            3018 
 244           2993.004      46            2946 
 245           2976.001      46            2929 
 246           2901.504      46            2854 
 247           2962.496      46            2915 
 248           2900.503      46            2853 
 249           2898          46            2851 
 250           2978.995      46            2932 
 251           2739.015      46            2692 
 252           2878.991      46            2832 
 253           2889.5        46            2842 
 254           2879          46            2832 
 255           2869.5        46            2822 
 256           2758.007      46            2711 
 257           2724.002      46            2677 
 258           2835.993      46            2789 
 259           2915.495      46            2868 
 260           2786.008      46            2739 
 261           2699.005      46            2652 
 262           2696          46            2649 
 263           2752.997      46            2706 
 264           2665.005      46            2618 
 265           2595.004      46            2548 
 266           2663.496      46            2616 
 267           2654          46            2607 
 268           2639.001      46            2592 
 269           2610.002      46            2563 
 270           2609.5        46            2562 
 271           2560.003      46            2513 
 272           2562          46            2515 
 273           3103.467      46            3056 
 274           3557.472      46            3510 
 275           3399.01       46            3352 
 276           3518.493      46            3471 
 277           3513          46            3466 
 278           3427.005      46            3380 
 279           3317.506      46            3270 
 280           3409.495      46            3362 
 281           2898.031      46            2851 
 282           2360.033      46            2313 
 283           2393.998      46            2347 
 284           2380.501      46            2333 
 285           2215.51       46            2168 
 286           2159.003      46            2112 
 287           2336.989      46            2290 
 288           2250.005      46            2203 
 289           2226.001      46            2179 
 290           2309.995      46            2263 
 291           2200.507      46            2153 
 292           2250.497      46            2203 
 293           2263.999      46            2217 
 294           2176.505      46            2129 
 295           2301.992      46            2255 
 296           2310.999      46            2264 
 297           2304          46            2257 
 298           2349.997      46            2303 
 299           2416.996      46            2370 
 300           2265.509      46            2218 
 301           2337.996      46            2291 
 302           2387.497      46            2340 
 303           2387.5        46            2340 
 304           2424.498      46            2377 
 305           2265.51       46            2218 
 306           2217.003      46            2170 
 307           2156.004      46            2109 
 308           2260.993      46            2214 
 309           2198.504      46            2151 
 310           2102.006      46            2055 
 311           2034.504      46            1987 
 312           2002.002      46            1955 
 313           1930.504      46            1883 
 314           2024.494      46            1977 
 315           2000.001      46            1953 
 316           1998          46            1951 
 317           1937.004      46            1890 
 318           1998.996      46            1952 
 319           2063.996      46            2017 
 320           1986.505      46            1939 
 321           1981          46            1934 
 322           1995.499      46            1948 
 323           1996          46            1949 
 324           2018.998      46            1972 
 325           2129.993      46            2083 
 326           2035.506      46            1988 
 327           2278.485      46            2231 
 328           2406.992      46            2360 
 329           2489.995      46            2443 
 330           2552.496      46            2505 
 331           2567.999      46            2521 
 332           2696.992      46            2650 
 333           2584.007      46            2537 
 334           2556.001      46            2509 
 335           2345.013      46            2298 
 336           2185.01       46            2138 
 337           2217.498      46            2170 
 338           2086.008      46            2039 
 339           2215.992      46            2169 
 340           2004.013      46            1957 
 341           2162.99       46            2116 
 342           2000.01       46            1953 
 343           2085.495      46            2038 
 344           2157.996      46            2111 
 345           1948.013      46            1901 
 346           2029.995      46            1983 
 347           2141.493      46            2094 
 348           2097.502      46            2050 
 349           2175.995      46            2129 
 350           2102.005      46            2055 
 351           2085.501      46            2038 
 352           2075.5        46            2028 
 353           2121.997      46            2075 
 354           2087.002      46            2040 
 355           1945.009      46            1898 
 356           1966.999      46            1920 
 357           2057.995      46            2011 
 358           2073.999      46            2027 
 359           1993.005      46            1946 
 360           2069.995      46            2023 
 361           2086.999      46            2040 
 362           1993.006      46            1946 
 363           2014.999      46            1968 
 364           2007.501      46            1960 
 365           1962.002      46            1915 
 366           1977.999      46            1931 
 367           2188.487      46            2141 
 368           2103.005      46            2056 
 369           2163.496      46            2116 
 370           2139.001      46            2092 
 371           2031.007      46            1984 
 372           2034          46            1987 
 373           2063.998      46            2017 
 374           1968.506      46            1921 
 375           1839.508      46            1792 
 376           1900.996      46            1854 
 377           1770.008      46            1723 
 378           1923.991      46            1877 
 379           1985.496      46            1938 
 380           1935.003      46            1888 
 381           1828.007      46            1781 
 382           1938.993      46            1892 
 383           1937.5        46            1890 
 384           1905.002      46            1858 
 385           1919.499      46            1872 
 386           1806.007      46            1759 
 387           1890.995      46            1844 
 388           1866.001      46            1819 
 389           1719.009      46            1672 
 390           1767.997      46            1721 
 391           1858.994      46            1812 
 392           1792.004      46            1745 
 393           1823.998      46            1777 
 394           1672.009      46            1625 
 395           1683.999      46            1637 
 396           1551.008      46            1504 
 397           1658.993      46            1612 
 398           1679.999      46            1633 
 399           1777.494      46            1730 
 400           1960.489      46            1913 
 401           1967          46            1920 
 402           2122.99       46            2076 
 403           2208.495      46            2161 
 404           2391.989      46            2345 
 405           2323.004      46            2276 
 406           2342.999      46            2296 
 407           2343          46            2296 
 408           2259.505      46            2212 
 409           2183.505      46            2136 
 410           2211.998      46            2165 
 411           2216          46            2169 
 412           1958.516      46            1911 
 413           1952          46            1905 
 414           1957          46            1910 
 415           1852.007      46            1805 
 416           1796.003      46            1749 
 417           1779.001      46            1732 
 418           1895.993      46            1849 
 419           1756.009      46            1709 
 420           1726.002      46            1679 
 421           1788.996      46            1742 
 422           1782.5        46            1735 
 423           1677.007      46            1630 
 424           1475.012      46            1428 
 425           1373.006      46            1326 
 426           1230.009      46            1183 
 427           1129.006      46            1082 
 428           1127          46            1080 
 429           926.5122      46            879 
 430           893.002       46            846 
 431           856.0023      46            809 
 432           1153.982      46            1107 
 433           1300.491      46            1253 
 434           1446.991      46            1400 
 435           1759.981      46            1713 
 436           1890.992      46            1844 
 437           2000.493      46            1953 
 438           2103.994      46            2057 
 439           2161.497      46            2114 
 440           2157.5        46            2110 
 441           2049.007      46            2002 
 442           2270.486      46            2223 
 443           2235.502      46            2188 
 444           2192.503      46            2145 
 445           2176.501      46            2129 
 446           2101.004      46            2054 
 447           2267.49       46            2220 
 448           2231.502      46            2184 
 449           2013.013      46            1966 
 450           1995.501      46            1948 
 451           1982.001      46            1935 
 452           1905.005      46            1858 
 453           1864.002      46            1817 
 454           1955.994      46            1909 
 455           1717.515      46            1670 
 456           1615.006      46            1568 
 457           1682.496      46            1635 
 458           1599.005      46            1552 
 459           1450.009      46            1403 
 460           1347.006      46            1300 
 461           1197.009      46            1150 
 462           1074.007      46            1027 
 463           1008.004      46            961 
 464           948.5036      46            901 
 465           918.0018      46            871 
 466           901.501       46            854 
 467           834.0041      46            787 
 468           766.0042      46            719 
 469           647.0073      46            600 
 470           667.9987      46            621 
 471           543.5076      46            496 
 472           721.4891      46            674 
 473           684.0023      46            637 
 474           738.9967      46            692 
 475           932.4882      46            885 
 476           1086.491      46            1039 
 477           1008.005      46            961 
 478           1206.988      46            1160 
 479           1414.487      46            1367 
 480           1425.499      46            1378 
 481           1431.5        46            1384 
 482           1514.495      46            1467 
 483           1504          46            1457 
 484           1578.495      46            1531 
 485           1693.993      46            1647 
 486           1540.509      46            1493 
 487           1583.997      46            1537 
 488           1431.509      46            1384 
 489           1505.496      46            1458 
 490           1494.001      46            1447 
 491           1295.012      46            1248 
 492           1165.008      46            1118 
 493           996.0103      46            949 
 494           929.0041      46            882 
 495           811.5071      46            764 
 496           738.0045      46            691 
 497           725.0009      46            678 
 498           665.5037      46            618 
 499           796.992       46            750 
 500           863.4959      46            816 
 501           924.9963      46            878 
 502           1092.49       46            1045 
 503           1036.503      46            989 
 504           995.5025      46            948 
 505           1050.997      46            1004 
 506           1059.5        46            1012 
 507           1023.502      46            976 
 508           793.514       46            746 
 509           1009.487      46            962 
 510           1022.499      46            975 
 511           1091.496      46            1044 
 512           1017.505      46            970 
 513           1067.997      46            1021 
 514           1532.472      46            1485 
 515           1428.006      46            1381 
 516           1468.997      46            1422 
 517           1365.506      46            1318 
 518           1317.003      46            1270 
 519           1432.993      46            1386 
 520           1421.001      46            1374 
 521           1465.997      46            1419 
 522           1260.013      46            1213 
 523           1253          46            1206 
 524           1182.004      46            1135 
 525           1174          46            1127 
 526           1080.006      46            1033 
 527           998.505       46            951 
 528           749.0152      46            702 
 529           681.0061      46            634 
 530           650.0001      46            603 
 531           573.5061      46            526 
 532           434.5095      46            387 
 533           429.9997      46            383 
 534           344.5074      46            297 
 535           284.5045      46            237 
 536           316.9985      46            270 
 537           323.9983      46            277 
 538           109.5089      46            62 
 539           137.0015      46            90 
 540           135.5005      46            88 
 541           170.9978      46            124 
 542           163.5008      46            116 
 543           177.0003      46            130 
 544           102.5003      46            55 
 545           227.9904      46            181 
 546           148.0067      46            101 
 547           122.0007      46            75 
 548           176.9954      46            130 
 549           313.4944      46            266 
 550           377.9972      46            331 
 551           491.9899      46            445 
 552           507.4994      46            460 
 553           465.5057      46            418 
 554           682.4841      46            635 
 555           725.9953      46            679 
 556           742.9999      46            696 
 557           553.0179      46            506 
 558           644.9935      46            598 
 559           532.0074      46            485 
 560           702.992       46            656 
 561           658.0016      46            611 
 562           649.9976      46            603 
 563           624.4993      46            577 
 564           484.5112      46            437 
 565           611.993       46            565 
 566           557.5049      46            510 
 567           470.0066      46            423 
 568           424.5024      46            377 
 569           383.9999      46            337 
 570           239.0095      46            192 
 571           278.0015      46            231 
 572           257.4999      46            210 
 573           204.0046      46            157 
 574           131.5017      46            84 
 575           78.00217      46            31 
 576           103.9984      46            57 
 577           189.9982      46            143 
 578           248.9969      46            202 
 579           243.0004      46            196 
 580           247.0004      46            200 
 581           284.5002      46            237 
 582           312.9969      46            266 
 583           285.5034      46            238 
 584           249.0013      46            202 
 585           301.4963      46            254 
 586           217.0067      46            170 
 587           175.505       46            128 
 588           211.9987      46            165 
 589           203.0025      46            156 
 590           280.9937      46            234 
 591           298.9996      46            252 
 592           271.5014      46            224 
 593           241.0033      46            194 
 594           245.9954      46            199 
 595           288.9969      46            242 
 596           372.9924      46            326 
 597           465.9937      46            419 
 598           473.4999      46            426 
 599           414.0027      46            367 
 600           459.9985      46            413 
 601           447.5002      46            400 
 602           406.0006      46            359 
 603           443.9941      46            397 
 604           302.0116      46            255 
 605           252.0017      46            205 
 606           250           46            203 
 607           191.0059      46            144 
 608           251.4925      46            204 
 609           154.0031      46            107 
 610           135.0024      46            88 
 611           91.00427      46            44 
 612           151.4933      46            104 
 613           139.9998      46            93 
 614           152.0006      46            105 
 615           140.001       46            93 
 616           278.4883      46            231 
 617           215.0023      46            168 
 618           174.5022      46            127 
 619           91.00607      46            44 
 620           58.00543      46            11 
 621           152.9916      46            106 
 622           92.0047       46            45 
 623           106.9998      46            60 
 624          -30.98889      46           -78 
 625           1.997864      46           -45 
 626           33.49783      46           -14 
 627          -37.99551      46           -85 
 628           29.99878      46           -17 
 629           33.99854      46           -13 
 630           40.49863      46           -7 
 631          -7.497803      46           -55 
 632          -65.49353      46           -113 
 633          -119.4963      46           -167 
 634          -55.00577      46           -102 
 635          -34.50131      46           -82 
 636          -114.9937      46           -162 
 637          -103.5007      46           -151 
 638          -73.0015       46           -120 
 639          -72.00006      46           -119 
 640          -50.49973      46           -98 
 641          -33.99942      46           -81 
 642          -36.00049      46           -83 
 643          -70.49911      46           -118 
 644          -121.4957      46           -169 
 645          -109.0023      46           -156 
 646          -195.9918      46           -243 
 647          -119.0029      46           -166 
 648          -90.0036       46           -137 
 649          -163.4956      46           -211 
 650          -132.9999      46           -180 
 651          -97.50131      46           -145 
 652          -173.9926      46           -221 
 653          -111.0037      46           -158 
 654          -149.9992      46           -197 
 655          -170.9998      46           -218 
 656          -180.9987      46           -228 
 657          -228.4952      46           -276 
 658          -136.0076      46           -183 
 659          -88.00159      46           -135 
 660          -170.4962      46           -218 
 661          -109.0016      46           -156 
 662          -77.00269      46           -124 
 663          -43.00476      46           -90 
 664          -132.4962      46           -180 
 665          -188.4976      46           -236 
 666          -95.00644      46           -142 
 667          -186.9934      46           -234 
 668          -150.0013      46           -197 
 669          -94.00159      46           -141 
 670          -19.50699      46           -67 
 671          -45.99606      46           -93 
 672          -99.49564      46           -147 
 673          -167.9924      46           -215 
 674          -182.001       46           -229 
 675          -126.5033      46           -174 
 676          -133.4997      46           -181 
 677          -150.4969      46           -198 
 678          -111.5014      46           -159 
 679          -124.9988      46           -172 
 680          -93.49997      46           -141 
 681          -113.499       46           -161 
 682          -94.50165      46           -142 
 683          -109.9995      46           -157 
 684          -114.998       46           -162 
 685          -135.9986      46           -183 
 686          -108.0037      46           -155 
 687          -199.9932      46           -247 
 688          -88.5079       46           -136 
 689          -153.998       46           -201 
 690          -138.5001      46           -186 
 691          -179.9958      46           -227 
 692          -78.00818      46           -125 
 693          -150.4964      46           -198 
 694          -139.0024      46           -186 
 695          -176.9979      46           -224 
 696          -175.4984      46           -223 
 697          -165.0002      46           -212 
 698          -150.9993      46           -198 
 699          -94.00397      46           -141 
 700          -145.9932      46           -193 
 701          -69.00616      46           -116 
 702          -151.495       46           -199 
 703          -159.9994      46           -207 
 704          -149.0003      46           -196 
 705          -180.498       46           -228 
 706          -141.0019      46           -188 
 707          -137.5035      46           -185 
 708          -107.001       46           -154 
 709          -44.00714      46           -91 
 710          -126.994       46           -174 
 711          -108.002       46           -155 
 712          -127.0012      46           -174 
 713          -178.9973      46           -226 
 714          -207.0004      46           -254 
 715          -144.5022      46           -192 
 716          -83.00424      46           -130 
 717          -147.9949      46           -195 
 718          -161.9993      46           -209 
 719          -185.9976      46           -233 
 720          -98.005        46           -145 
 721          -112.0012      46           -159 
 722          -22.00378      46           -69 
 723          -148.49        46           -196 
 724          -94.00333      46           -141 
 725          -109.9983      46           -157 
 726          -65.00299      46           -112 
 727          -135.9981      46           -183 
 728          -36.01013      46           -83 
 729          -138.9926      46           -186 
 730          -92.00311      46           -139 
 731          -89.00031      46           -136 
 732          -74.99976      46           -122 
 733          -120.9955      46           -168 
 734          -87.00366      46           -134 
 735          -127.4979      46           -175 
 736          -72.00571      46           -119 
 737          -148.9959      46           -196 
 738          -114.0029      46           -161 
 739          -123.9984      46           -171 
 740          -184.4987      46           -232 
