Sample        Spectrum      Background    Delta
 0            -169.4988     -8            -162 
 1            -211.9987     -8            -205 
 2            -229.9995     -8            -223 
 3            -241.9996     -8            -235 
 4            -59.50557     -8            -52 
 5            -228.4948     -8            -221 
 6            -152.0023     -8            -145 
 7            -131.5006     -8            -124 
 8            -161.4991     -8            -154 
 9            -144.5005     -8            -137 
 10           -181.4989     -8            -174 
 11           -73.00331     -8            -66 
 12           -183.9966     -8            -177 
 13           -128.5017     -8            -121 
 14           -105.5007     -8            -98 
 15           -244.9957     -8            -238 
 16           -132.0034     -8            -125 
 17           -123.5003     -8            -116 
 18           -83.00124     -8            -76 
 19           -115.999      -8            -109 
 20           -182.998      -8            -176 
 21           -194.4996     -8            -187 
 22           -214.4994     -8            -207 
 23           -141.0022     -8            -134 
 24           -193.9984     -8            -187 
 25           -143.5015     -8            -136 
 26           -122.0007     -8            -115 
 27           -194.9978     -8            -188 
 28           -196.5        -8            -189 
 29           -166.0009     -8            -159 
 30           -153.5004     -8            -146 
 31           -166.4996     -8            -159 
 32           -125.5013     -8            -118 
 33           -226.9969     -8            -220 
 34           -93.00409     -8            -86 
 35           -155.9981     -8            -149 
 36           -139.0005     -8            -132 
 37           -82.50172     -8            -75 
 38           -240.9952     -8            -234 
 39           -167.0023     -8            -160 
 40           -62.0032      -8            -55 
 41           -153.9972     -8            -147 
 42           -56.50298     -8            -49 
 43           -191.9959     -8            -185 
 44           -123.0021     -8            -116 
 45           -82.00125     -8            -75 
 46           -108.4992     -8            -101 
 47           -165.4983     -8            -158 
 48           -144.5006     -8            -137 
 49           -161.4995     -8            -154 
 50           -79.00252     -8            -72 
 51           -149.9978     -8            -143 
 52           -100.0015     -8            -93 
 53           -88.00037     -8            -81 
 54           -88.49998     -8            -81 
 55           -11.00237     -8            -4 
 56           -92.49751     -8            -85 
 57           -220.4961     -8            -213 
 58           -171.5015     -8            -164 
 59           -133.5012     -8            -126 
 60           -111.0007     -8            -104 
 61           -169.4982     -8            -162 
 62           -117.0016     -8            -110 
 63           -156.4988     -8            -149 
 64           -154.0001     -8            -147 
 65           -53.00308     -8            -46 
 66           -132.9976     -8            -126 
 67           -183.9984     -8            -177 
 68           -162.0007     -8            -155 
 69           -133.5009     -8            -126 
 70           -156.4993     -8            -149 
 71           -171.9995     -8            -165 
 72           -171          -8            -164 
 73           -49.50371     -8            -42 
 74           -65.49951     -8            -58 
 75           -193.9961     -8            -187 
 76           -125.5021     -8            -118 
 77           -63.50189     -8            -56 
 78           -98.99892     -8            -92 
 79           -165.498      -8            -158 
 80           -128.0011     -8            -121 
 81           -147.4994     -8            -140 
 82           -79.50208     -8            -72 
 83           -67.50037     -8            -60 
 84           -61.0002      -8            -54 
 85           -140.4976     -8            -133 
 86           -104.0011     -8            -97 
 87           -32.0022      -8            -25 
 88            17.49849     -8             25 
 89            67.99846     -8             75 
 90            79.49965     -8             87 
 91            208.996      -8             216 
 92            309.9969     -8             317 
 93            533.4932     -8             541 
 94            588.9982     -8             596 
 95            636.4985     -8             644 
 96            903.9918     -8             911 
 97            1073.995     -8             1081 
 98            1254.994     -8             1262 
 99            1286.499     -8             1294 
 100           1568.491     -8             1576 
 101           1677.997     -8             1685 
 102           1959.991     -8             1967 
 103           2300.99      -8             2308 
 104           2516.993     -8             2524 
 105           2790.991     -8             2798 
 106           2986.994     -8             2994 
 107           3164.495     -8             3172 
 108           3668.484     -8             3676 
 109           3733.498     -8             3741 
 110           3999.492     -8             4007 
 111           4466.485     -8             4474 
 112           4912.486     -8             4920 
 113           5367.986     -8             5375 
 114           5806.986     -8             5814 
 115           6454.48      -8             6462 
 116           6921.487     -8             6929 
 117           7023.996     -8             7031 
 118           7062.999     -8             7070 
 119           7424.489     -8             7432 
 120           7755.99      -8             7763 
 121           8546.977     -8             8554 
 122           9215.98      -8             9223 
 123           9985.976     -8             9993 
 124           11296.46     -8             11304 
 125           12338.97     -8             12346 
 126           13548.96     -8             13556 
 127           14688.46     -8             14696 
 128           15329.48     -8             15337 
 129           16146.48     -8             16154 
 130           16644.98     -8             16652 
 131           16849.49     -8             16857 
 132           17543.98     -8             17551 
 133           18615.97     -8             18623 
 134           20589.94     -8             20597 
 135           22282.45     -8             22290 
 136           23810.95     -8             23818 
 137           24264.99     -8             24272 
 138           23867.51     -8             23875 
 139           23787.5      -8             23795 
 140           23947        -8             23954 
 141           25186.96     -8             25194 
 142           26568.96     -8             26576 
 143           28174.95     -8             28182 
 144           29934.95     -8             29942 
 145           31207.46     -8             31215 
 146           30905.01     -8             30912 
 147           30070.02     -8             30077 
 148           30191        -8             30198 
 149           29976.51     -8             29984 
 150           31118.96     -8             31126 
 151           34963.39     -8             34971 
 152           40116.84     -8             40124 
 153           45408.84     -8             45416 
 154           50903.83     -8             50911 
 155           55322.37     -8             55330 
 156           57707.43     -8             57715 
 157           59219.45     -8             59227 
 158           59526.99     -8             59534 
 159           60794.96     -8             60802 
 160           61327.48     -8             61335 
 161           63145.94     -8             63153 
 162           64697.46     -8             64705 
 163           66635.95     -8             66643 
 164           68197.95     -8             68205 
 165           71026.41     -8             71034 
 166           71996.47     -8             72004 
 167           72627.48     -8             72635 
 168           73105.98     -8             73113 
 169           74379.95     -8             74387 
 170           74262        -8             74269 
 171           74884.98     -8             74892 
 172           75054.99     -8             75062 
 173           75402.48     -8             75410 
 174           75243.51     -8             75251 
 175           74444.52     -8             74452 
 176           72080.06     -8             72087 
 177           71364.02     -8             71371 
 178           71753.48     -8             71761 
 179           72676.48     -8             72684 
 180           75943.91     -8             75951 
 181           79697.88     -8             79705 
 182           81706.93     -8             81714 
 183           83805.45     -8             83813 
 184           84763.48     -8             84771 
 185           86364.46     -8             86372 
 186           88599.93     -8             88607 
 187           91415.91     -8             91423 
 188           92931.95     -8             92939 
 189           94241.96     -8             94249 
 190           96366.94     -8             96374 
 191           97977.95     -8             97985 
 192           100610.4     -8             100618 
 193           102473.4     -8             102481 
 194           103215       -8             103222 
 195           103496       -8             103503 
 196           103857.5     -8             103865 
 197           104700       -8             104707 
 198           105390       -8             105397 
 199           106123       -8             106130 
 200           107099.5     -8             107107 
 201           107857.5     -8             107865 
 202           109007.5     -8             109015 
 203           109232       -8             109239 
 204           109592       -8             109599 
 205           109519.5     -8             109527 
 206           109349.5     -8             109357 
 207           109819.5     -8             109827 
 208           109383.5     -8             109391 
 209           110223       -8             110230 
 210           110956.5     -8             110964 
 211           112349       -8             112356 
 212           112559       -8             112566 
 213           113424       -8             113431 
 214           114682       -8             114689 
 215           114591       -8             114598 
 216           116105       -8             116112 
 217           116398       -8             116405 
 218           116580.5     -8             116588 
 219           114725.6     -8             114733 
 220           111126.6     -8             111134 
 221           108799.6     -8             108807 
 222           108581       -8             108588 
 223           109864.5     -8             109872 
 224           111100.5     -8             111108 
 225           112553       -8             112560 
 226           114773.4     -8             114781 
 227           115208       -8             115215 
 228           115782       -8             115789 
 229           115800.5     -8             115808 
 230           116762.5     -8             116770 
 231           113934.5     -8             113942 
 232           113906       -8             113913 
 233           113103.5     -8             113111 
 234           113520.5     -8             113528 
 235           114650       -8             114657 
 236           115025       -8             115032 
 237           116039.5     -8             116047 
 238           116964.5     -8             116972 
 239           116943       -8             116950 
 240           116477       -8             116484 
 241           115900.5     -8             115908 
 242           114770.5     -8             114778 
 243           113474       -8             113481 
 244           110732.5     -8             110740 
 245           109813.5     -8             109821 
 246           109660.5     -8             109668 
 247           110877.5     -8             110885 
 248           112160       -8             112167 
 249           113221.5     -8             113229 
 250           113797       -8             113804 
 251           113912       -8             113919 
 252           114100.5     -8             114108 
 253           114023.5     -8             114031 
 254           116443.5     -8             116451 
 255           116631.5     -8             116639 
 256           116443.5     -8             116451 
 257           116623       -8             116630 
 258           116711.5     -8             116719 
 259           117507.5     -8             117515 
 260           116995       -8             117002 
 261           115946       -8             115953 
 262           115577.5     -8             115585 
 263           115068       -8             115075 
 264           115486.5     -8             115494 
 265           116342       -8             116349 
 266           116231.5     -8             116239 
 267           116292.5     -8             116300 
 268           116278       -8             116285 
 269           117011.5     -8             117019 
 270           116012.5     -8             116020 
 271           115845       -8             115852 
 272           116674       -8             116681 
 273           115769       -8             115776 
 274           115906       -8             115913 
 275           114759.5     -8             114767 
 276           113639       -8             113646 
 277           113878.5     -8             113886 
 278           113404       -8             113411 
 279           113414.5     -8             113422 
 280           113340       -8             113347 
 281           113307.5     -8             113315 
 282           112951.5     -8             112959 
 283           112419       -8             112426 
 284           112324       -8             112331 
 285           112568       -8             112575 
 286           112816       -8             112823 
 287           113026       -8             113033 
 288           113256.5     -8             113264 
 289           112915.5     -8             112923 
 290           112532.5     -8             112540 
 291           112998.5     -8             113006 
 292           112502       -8             112509 
 293           113102.5     -8             113110 
 294           113665.5     -8             113673 
 295           113618.5     -8             113626 
 296           113795.5     -8             113803 
 297           112141       -8             112148 
 298           111422.5     -8             111430 
 299           109994.5     -8             110002 
 300           109581.5     -8             109589 
 301           110202       -8             110209 
 302           110661.5     -8             110669 
 303           110903.5     -8             110911 
 304           110441.5     -8             110449 
 305           110529       -8             110536 
 306           110375       -8             110382 
 307           109547.5     -8             109555 
 308           108819       -8             108826 
 309           108180       -8             108187 
 310           108743       -8             108750 
 311           109429       -8             109436 
 312           109020.5     -8             109028 
 313           107526.5     -8             107534 
 314           107991       -8             107998 
 315           106456.5     -8             106464 
 316           106378       -8             106385 
 317           105405.5     -8             105413 
 318           104404       -8             104411 
 319           104733.5     -8             104741 
 320           104792       -8             104799 
 321           105101.5     -8             105109 
 322           105047       -8             105054 
 323           104610.5     -8             104618 
 324           103730       -8             103737 
 325           103660       -8             103667 
 326           103319       -8             103326 
 327           102629.5     -8             102637 
 328           102594.5     -8             102602 
 329           101250       -8             101257 
 330           101779       -8             101786 
 331           101822.5     -8             101830 
 332           101279.5     -8             101287 
 333           101723       -8             101730 
 334           101860.5     -8             101868 
 335           102531       -8             102538 
 336           102417.5     -8             102425 
 337           100614       -8             100621 
 338           101327.5     -8             101335 
 339           100645.5     -8             100653 
 340           101214       -8             101221 
 341           99983        -8             99990 
 342           100007.5     -8             100015 
 343           99214.5      -8             99222 
 344           99121.5      -8             99129 
 345           99174        -8             99181 
 346           98158.5      -8             98166 
 347           97118.5      -8             97126 
 348           94356        -8             94363 
 349           92967        -8             92974 
 350           93217.5      -8             93225 
 351           95322.5      -8             95330 
 352           95996.5      -8             96004 
 353           96840.5      -8             96848 
 354           97449        -8             97456 
 355           96887.5      -8             96895 
 356           97642.5      -8             97650 
 357           96726.5      -8             96734 
 358           96511.5      -8             96519 
 359           96421.5      -8             96429 
 360           95841        -8             95848 
 361           95046.5      -8             95054 
 362           95139        -8             95146 
 363           94936.5      -8             94944 
 364           94693.5      -8             94701 
 365           94437        -8             94444 
 366           94135.5      -8             94143 
 367           93423        -8             93430 
 368           93056        -8             93063 
 369           92500        -8             92507 
 370           89973.5      -8             89981 
 371           86294        -8             86301 
 372           83581.5      -8             83589 
 373           81687        -8             81694 
 374           83107.5      -8             83115 
 375           84333.5      -8             84341 
 376           85498        -8             85505 
 377           86654.5      -8             86662 
 378           87215.5      -8             87223 
 379           87770.5      -8             87778 
 380           86695.5      -8             86703 
 381           86621        -8             86628 
 382           85711.5      -8             85719 
 383           85123.5      -8             85131 
 384           85547        -8             85554 
 385           84931.5      -8             84939 
 386           84846        -8             84853 
 387           84580.5      -8             84588 
 388           84079        -8             84086 
 389           83732        -8             83739 
 390           83497        -8             83504 
 391           82973        -8             82980 
 392           82709.5      -8             82717 
 393           80503        -8             80510 
 394           78274.5      -8             78282 
 395           77825        -8             77832 
 396           77403.5      -8             77411 
 397           77235        -8             77242 
 398           76771.5      -8             76779 
 399           76417.5      -8             76425 
 400           76634.5      -8             76642 
 401           75977.5      -8             75985 
 402           74669.5      -8             74677 
 403           74657.5      -8             74665 
 404           75050.5      -8             75058 
 405           75408.5      -8             75416 
 406           74921.5      -8             74929 
 407           74901.5      -8             74909 
 408           75028        -8             75035 
 409           74813        -8             74820 
 410           73332        -8             73339 
 411           72393        -8             72400 
 412           71480        -8             71487 
 413           71941.5      -8             71949 
 414           71428        -8             71435 
 415           71106.5      -8             71114 
 416           70740        -8             70747 
 417           69845.5      -8             69853 
 418           69764        -8             69771 
 419           69336.5      -8             69344 
 420           68305.5      -8             68313 
 421           68299        -8             68306 
 422           67760.5      -8             67768 
 423           65582.5      -8             65590 
 424           58757.5      -8             58765 
 425           50494        -8             50501 
 426           42834.5      -8             42842 
 427           39137.5      -8             39145 
 428           40265.5      -8             40273 
 429           44413.5      -8             44421 
 430           48945.5      -8             48953 
 431           53546.5      -8             53554 
 432           56942.5      -8             56950 
 433           59115.5      -8             59123 
 434           60066        -8             60073 
 435           60702.5      -8             60710 
 436           59791        -8             59798 
 437           59030        -8             59037 
 438           58725        -8             58732 
 439           58770.5      -8             58778 
 440           59481.5      -8             59489 
 441           57742.5      -8             57750 
 442           57185.5      -8             57193 
 443           56607.5      -8             56615 
 444           56453.5      -8             56461 
 445           56434.5      -8             56442 
 446           55741        -8             55748 
 447           54613.5      -8             54621 
 448           53844.5      -8             53852 
 449           52748        -8             52755 
 450           52159.5      -8             52167 
 451           52318.5      -8             52326 
 452           51994.5      -8             52002 
 453           51493        -8             51500 
 454           50387.5      -8             50395 
 455           49564        -8             49571 
 456           49656.5      -8             49664 
 457           49440.5      -8             49448 
 458           48630        -8             48637 
 459           48130        -8             48137 
 460           47079.5      -8             47087 
 461           46759.5      -8             46767 
 462           46052        -8             46059 
 463           45603.5      -8             45611 
 464           45712.5      -8             45720 
 465           44134        -8             44141 
 466           42896        -8             42903 
 467           41634        -8             41641 
 468           40719.5      -8             40727 
 469           41191        -8             41198 
 470           40849.5      -8             40857 
 471           40180        -8             40187 
 472           40182        -8             40189 
 473           39392        -8             39399 
 474           38989        -8             38996 
 475           38688.5      -8             38696 
 476           39131.5      -8             39139 
 477           38544.5      -8             38552 
 478           38402.5      -8             38410 
 479           37957.5      -8             37965 
 480           37005        -8             37012 
 481           36734.5      -8             36742 
 482           36432.5      -8             36440 
 483           36844.5      -8             36852 
 484           36915        -8             36922 
 485           36615.5      -8             36623 
 486           35707        -8             35714 
 487           35155        -8             35162 
 488           34363        -8             34370 
 489           34048        -8             34055 
 490           33502        -8             33509 
 491           33786.5      -8             33794 
 492           33208        -8             33215 
 493           31916.5      -8             31924 
 494           31287.5      -8             31295 
 495           30762.5      -8             30770 
 496           30231        -8             30238 
 497           30710        -8             30717 
 498           31477        -8             31484 
 499           31324.5      -8             31332 
 500           30879.5      -8             30887 
 501           30464.5      -8             30472 
 502           29633.5      -8             29641 
 503           28779        -8             28786 
 504           27591.5      -8             27599 
 505           27625        -8             27632 
 506           27679.5      -8             27687 
 507           28566        -8             28573 
 508           28375.5      -8             28383 
 509           28066.5      -8             28074 
 510           27724        -8             27731 
 511           26917.5      -8             26925 
 512           26534.5      -8             26542 
 513           25825.5      -8             25833 
 514           25922.5      -8             25930 
 515           25961        -8             25968 
 516           25874        -8             25881 
 517           25850        -8             25857 
 518           25373.5      -8             25381 
 519           24649.5      -8             24657 
 520           23938.5      -8             23946 
 521           23543.5      -8             23551 
 522           23104        -8             23111 
 523           23089.5      -8             23097 
 524           22502        -8             22509 
 525           22477.5      -8             22485 
 526           21718        -8             21725 
 527           21278        -8             21285 
 528           20579        -8             20586 
 529           19780.01     -8             19787 
 530           19216        -8             19223 
 531           19154        -8             19161 
 532           19454        -8             19461 
 533           19185.5      -8             19193 
 534           19030.5      -8             19038 
 535           18961.5      -8             18969 
 536           18542.5      -8             18550 
 537           18131        -8             18138 
 538           17579        -8             17586 
 539           17134.5      -8             17142 
 540           16600.51     -8             16608 
 541           16449.5      -8             16457 
 542           16515        -8             16522 
 543           16887        -8             16894 
 544           16587.5      -8             16595 
 545           16295.5      -8             16303 
 546           16267        -8             16274 
 547           15839.51     -8             15847 
 548           15190        -8             15197 
 549           14054.5      -8             14062 
 550           13121        -8             13128 
 551           12082.5      -8             12090 
 552           11104.5      -8             11112 
 553           10465.5      -8             10473 
 554           10280.5      -8             10288 
 555           10318.5      -8             10326 
 556           10651.5      -8             10659 
 557           10791        -8             10798 
 558           10612        -8             10619 
 559           10428        -8             10435 
 560           9982.005     -8             9989 
 561           9779.503     -8             9787 
 562           9499.003     -8             9506 
 563           9513.503     -8             9521 
 564           9520.006     -8             9527 
 565           9453.502     -8             9461 
 566           9488.501     -8             9496 
 567           9370.004     -8             9377 
 568           9170.502     -8             9178 
 569           9235.5       -8             9243 
 570           8741.503     -8             8749 
 571           8620.504     -8             8628 
 572           8335.004     -8             8342 
 573           8290.004     -8             8297 
 574           8207.005     -8             8214 
 575           8247.003     -8             8254 
 576           8276.001     -8             8283 
 577           8411.504     -8             8419 
 578           8316.004     -8             8323 
 579           8448.503     -8             8456 
 580           7926.503     -8             7934 
 581           7941.001     -8             7948 
 582           7647.506     -8             7655 
 583           7318.508     -8             7326 
 584           6974.5       -8             6982 
 585           6851.003     -8             6858 
 586           6621.004     -8             6628 
 587           6551.005     -8             6558 
 588           6634.003     -8             6641 
 589           6444         -8             6451 
 590           6412.002     -8             6419 
 591           6065.004     -8             6072 
 592           6022.506     -8             6030 
 593           5930         -8             5937 
 594           5660.504     -8             5668 
 595           5369.507     -8             5377 
 596           5290.505     -8             5298 
 597           5003.002     -8             5010 
 598           4785.002     -8             4792 
 599           4678.506     -8             4686 
 600           4539.999     -8             4547 
 601           4274.003     -8             4281 
 602           4227.504     -8             4235 
 603           4066.002     -8             4073 
 604           3916.999     -8             3924 
 605           3769         -8             3776 
 606           3617         -8             3624 
 607           3579.502     -8             3587 
 608           3404.004     -8             3411 
 609           3277.001     -8             3284 
 610           3090.5       -8             3098 
 611           2963.001     -8             2970 
 612           2846.503     -8             2854 
 613           2720.5       -8             2728 
 614           2665.501     -8             2673 
 615           2480.502     -8             2488 
 616           2351.002     -8             2358 
 617           2321.002     -8             2328 
 618           2211.005     -8             2218 
 619           2251.999     -8             2259 
 620           2132.999     -8             2140 
 621           1957.503     -8             1965 
 622           1954         -8             1961 
 623           1808.5       -8             1816 
 624           1824.501     -8             1832 
 625           1725         -8             1732 
 626           1693.005     -8             1700 
 627           1626.502     -8             1634 
 628           1525.501     -8             1533 
 629           1588.5       -8             1596 
 630           1503.003     -8             1510 
 631           1376         -8             1383 
 632           1425.5       -8             1433 
 633           1373.499     -8             1381 
 634           1463.498     -8             1471 
 635           1465.499     -8             1473 
 636           1460.5       -8             1468 
 637           1533.503     -8             1541 
 638           1357.498     -8             1365 
 639           1469.5       -8             1477 
 640           1388.495     -8             1396 
 641           1477.998     -8             1485 
 642           1448.501     -8             1456 
 643           1500.499     -8             1508 
 644           1422.001     -8             1429 
 645           1450.999     -8             1458 
 646           1528.004     -8             1535 
 647           1486.499     -8             1494 
 648           1407.501     -8             1415 
 649           1497.502     -8             1505 
 650           1426.501     -8             1434 
 651           1458.502     -8             1466 
 652           1516         -8             1523 
 653           1538.997     -8             1546 
 654           1485.001     -8             1492 
 655           1521.002     -8             1528 
 656           1558.998     -8             1566 
 657           1535.999     -8             1543 
 658           1519         -8             1526 
 659           1682.999     -8             1690 
 660           1755.496     -8             1763 
 661           1543.499     -8             1551 
 662           1678.499     -8             1686 
 663           1546.5       -8             1554 
 664           1681.998     -8             1689 
 665           1631.001     -8             1638 
 666           1743.001     -8             1750 
 667           1747.499     -8             1755 
 668           1693.002     -8             1700 
 669           1695.001     -8             1702 
 670           1806.001     -8             1813 
 671           1666         -8             1673 
 672           1688.499     -8             1696 
 673           1718.001     -8             1725 
 674           1794.998     -8             1802 
 675           1777.499     -8             1785 
 676           1813.499     -8             1821 
 677           1778         -8             1785 
 678           1806.5       -8             1814 
 679           1874.001     -8             1881 
 680           1859.502     -8             1867 
 681           1815.499     -8             1823 
 682           1850.5       -8             1858 
 683           1894.498     -8             1902 
 684           1797         -8             1804 
 685           1991.001     -8             1998 
 686           2031.498     -8             2039 
 687           1980.998     -8             1988 
 688           1873         -8             1880 
 689           1983.498     -8             1991 
 690           1962.499     -8             1970 
 691           1897.999     -8             1905 
 692           1861.002     -8             1868 
 693           1928.5       -8             1936 
 694           1903.001     -8             1910 
 695           1893.5       -8             1901 
 696           1980.001     -8             1987 
 697           1971.996     -8             1979 
 698           1949.999     -8             1957 
 699           2037.003     -8             2044 
 700           2146.499     -8             2154 
 701           2214.997     -8             2222 
 702           2174.499     -8             2182 
 703           2097.997     -8             2105 
 704           2067.998     -8             2075 
 705           2133.001     -8             2140 
 706           2134.498     -8             2142 
 707           2178.497     -8             2186 
 708           2170         -8             2177 
 709           2276.999     -8             2284 
 710           2201         -8             2208 
 711           2148.002     -8             2155 
 712           2199.5       -8             2207 
 713           2181.499     -8             2189 
 714           2148.998     -8             2156 
 715           2214         -8             2221 
 716           2298.999     -8             2306 
 717           2125.501     -8             2133 
 718           2377.001     -8             2384 
 719           2140.002     -8             2147 
 720           2293.001     -8             2300 
 721           2362.998     -8             2370 
 722           2330.996     -8             2338 
 723           2343.998     -8             2351 
 724           2279.499     -8             2287 
 725           2205.002     -8             2212 
 726           2280         -8             2287 
 727           2382.001     -8             2389 
 728           2371.999     -8             2379 
 729           2487.503     -8             2495 
 730           2509.498     -8             2517 
 731           2645.498     -8             2653 
 732           2631.5       -8             2639 
 733           2435.998     -8             2443 
 734           2684.498     -8             2692 
 735           2604.999     -8             2612 
 736           2608.499     -8             2616 
 737           2560.002     -8             2567 
 738           2661         -8             2668 
 739           1718.498     -8             1726 
 740           414.5001     -8             422 
