Sample        Spectrum      Background    Delta
 0            -251.5003     -8            -244 
 1            -266.9995     -8            -260 
 2            -198.5021     -8            -191 
 3            -232.499      -8            -225 
 4            -280.9985     -8            -274 
 5            -269.0004     -8            -262 
 6            -208.5018     -8            -201 
 7            -244.4989     -8            -237 
 8            -296.9984     -8            -290 
 9            -255.5013     -8            -248 
 10           -213.0013     -8            -206 
 11           -173.5012     -8            -166 
 12           -188.4995     -8            -181 
 13           -217.9991     -8            -211 
 14           -221.4999     -8            -214 
 15           -296.9977     -8            -290 
 16           -195.5031     -8            -188 
 17           -225.9991     -8            -219 
 18           -245.9994     -8            -239 
 19           -346.4969     -8            -339 
 20           -298.0015     -8            -291 
 21           -200.503      -8            -193 
 22           -273.9977     -8            -267 
 23           -284.9997     -8            -278 
 24           -209.0023     -8            -202 
 25           -260.4984     -8            -253 
 26           -254.0002     -8            -247 
 27           -148.5032     -8            -141 
 28           -156.4998     -8            -149 
 29           -196.4988     -8            -189 
 30           -258.9981     -8            -252 
 31           -256.5001     -8            -249 
 32           -256          -8            -249 
 33           -214.5013     -8            -207 
 34           -248.499      -8            -241 
 35           -245.5001     -8            -238 
 36           -238.0002     -8            -231 
 37           -197.0013     -8            -190 
 38           -180.0005     -8            -173 
 39           -213.499      -8            -206 
 40           -214          -8            -207 
 41           -259.4986     -8            -252 
 42           -248.0004     -8            -241 
 43           -224.0007     -8            -217 
 44           -195.5009     -8            -188 
 45           -233.9988     -8            -227 
 46           -228.0002     -8            -221 
 47           -176.5016     -8            -169 
 48           -234.4982     -8            -227 
 49           -207.0008     -8            -200 
 50           -160.5014     -8            -153 
 51           -247.9973     -8            -241 
 52           -147.5031     -8            -140 
 53           -214.498      -8            -207 
 54           -180.0011     -8            -173 
 55           -205.9992     -8            -199 
 56           -269.498      -8            -262 
 57           -238.001      -8            -231 
 58           -261.4993     -8            -254 
 59           -222.5012     -8            -215 
 60           -243.9993     -8            -237 
 61           -219.0008     -8            -212 
 62           -180.0012     -8            -173 
 63           -254.9977     -8            -248 
 64           -204.0016     -8            -197 
 65           -201.0001     -8            -194 
 66           -180.5006     -8            -173 
 67           -207.4992     -8            -200 
 68           -251.4987     -8            -244 
 69           -165.5026     -8            -158 
 70           -222.4983     -8            -215 
 71           -247.9992     -8            -241 
 72           -173.0023     -8            -166 
 73           -167.0002     -8            -160 
 74           -241.4977     -8            -234 
 75           -216.5008     -8            -209 
 76           -146.0022     -8            -139 
 77           -215.9979     -8            -209 
 78           -225.4997     -8            -218 
 79           -227.9999     -8            -221 
 80           -173.5017     -8            -166 
 81           -159.0004     -8            -152 
 82           -286.4962     -8            -279 
 83           -156.504      -8            -149 
 84           -144.0004     -8            -137 
 85           -226.9975     -8            -220 
 86           -248.4993     -8            -241 
 87           -229.5006     -8            -222 
 88           -138.5028     -8            -131 
 89           -282.4956     -8            -275 
 90           -200.0025     -8            -193 
 91           -286.4973     -8            -279 
 92           -173.0035     -8            -166 
 93           -235.9981     -8            -229 
 94           -255.9994     -8            -249 
 95           -219.0011     -8            -212 
 96           -217.0001     -8            -210 
 97           -179.5011     -8            -172 
 98           -214.9989     -8            -208 
 99           -166.5015     -8            -159 
 100          -202.9989     -8            -196 
 101          -227.4993     -8            -220 
 102          -145.0025     -8            -138 
 103          -181.4989     -8            -174 
 104          -267.9974     -8            -261 
 105          -259.0003     -8            -252 
 106          -207.0016     -8            -200 
 107          -186.0006     -8            -179 
 108          -131.0017     -8            -124 
 109          -165.9989     -8            -159 
 110          -217.4984     -8            -210 
 111          -202.0005     -8            -195 
 112          -192.5003     -8            -185 
 113          -292.4969     -8            -285 
 114          -150.5043     -8            -143 
 115          -208.9982     -8            -202 
 116          -189.5006     -8            -182 
 117          -187.5001     -8            -180 
 118          -166.5006     -8            -159 
 119          -262.9971     -8            -256 
 120          -187.5023     -8            -180 
 121          -151.0011     -8            -144 
 122          -188.4989     -8            -181 
 123          -105.5025     -8            -98 
 124          -114.4997     -8            -107 
 125          -263.4955     -8            -256 
 126          -192.0022     -8            -185 
 127          -177.0005     -8            -170 
 128          -191.9995     -8            -185 
 129          -125.002      -8            -118 
 130          -172.9985     -8            -166 
 131          -190.4995     -8            -183 
 132          -190          -8            -183 
 133          -168.5007     -8            -161 
 134          -159.5003     -8            -152 
 135          -175.9995     -8            -169 
 136          -127.0015     -8            -120 
 137          -157.9991     -8            -151 
 138          -123.0011     -8            -116 
 139          -106.0005     -8            -99 
 140          -47.50179     -8            -40 
 141          -54.49979     -8            -47 
 142          -74.99937     -8            -68 
 143          -158.4975     -8            -151 
 144          -219.9981     -8            -213 
 145          -138.5025     -8            -131 
 146          -124.0004     -8            -117 
 147          -231.4967     -8            -224 
 148          -141.0028     -8            -134 
 149          -88.00162     -8            -81 
 150          -215.4961     -8            -208 
 151          -125.0028     -8            -118 
 152          -143.4994     -8            -136 
 153          -125.5005     -8            -118 
 154          -95.00093     -8            -88 
 155          -174.9976     -8            -168 
 156          -136.5012     -8            -129 
 157          -5.503998     -8             2 
 158          -138.4959     -8            -131 
 159          -61.50235     -8            -54 
 160          -98.99886     -8            -92 
 161          -42.50172     -8            -35 
 162          -111.9979     -8            -105 
 163          -111.5        -8            -104 
 164          -13.50299     -8            -6 
 165          -46.49899     -8            -39 
 166          -137.4972     -8            -130 
 167          -134.0001     -8            -127 
 168          -203.9979     -8            -197 
 169          -126.0024     -8            -119 
 170          -37.00272     -8            -30 
 171          -144.9967     -8            -138 
 172          -82.00192     -8            -75 
 173          -119.9988     -8            -113 
 174          -91.50087     -8            -84 
 175          -53.00117     -8            -46 
 176          -46.5002      -8            -39 
 177          -126.9975     -8            -120 
 178          -89.00116     -8            -82 
 179          -128.4988     -8            -121 
 180          -68.50183     -8            -61 
 181           36.4968      -8             44 
 182          -69.49677     -8            -62 
 183          -84.49954     -8            -77 
 184          -42.0013      -8            -35 
 185          -53.99963     -8            -47 
 186          -87.99896     -8            -81 
 187          -11.00235     -8            -4 
 188          -37.99918     -8            -31 
 189          -54.99948     -8            -48 
 190          -109.4983     -8            -102 
 191          -92.50052     -8            -85 
 192          -102.4997     -8            -95 
 193          -29.00224     -8            -22 
 194          -25.00012     -8            -18 
 195          -105.9975     -8            -99 
 196          -44.00189     -8            -37 
 197           51.99707     -8             59 
 198          -137.9942     -8            -131 
 199          -20.0036      -8            -13 
 200          -83.99805     -8            -77 
 201          -102.9994     -8            -96 
 202          -17.50261     -8            -10 
 203          -125.4967     -8            -118 
 204          -21.50317     -8            -14 
 205          -23.49994     -8            -16 
 206          -79.49829     -8            -72 
 207          -45.00105     -8            -38 
 208           24.49788     -8             32 
 209          -54.49759     -8            -47 
 210          -130.4977     -8            -123 
 211          -65.002       -8            -58 
 212          -153.4973     -8            -146 
 213          -101.0016     -8            -94 
 214          -83.50053     -8            -76 
 215          -83.5         -8            -76 
 216          -84.49997     -8            -77 
 217          -82.00008     -8            -75 
 218          -30.50157     -8            -23 
 219          -17.5004      -8            -10 
 220          -120.4969     -8            -113 
 221          -82.50116     -8            -75 
 222          -102.9994     -8            -96 
 223          -72.50093     -8            -65 
 224          -20.50159     -8            -13 
 225          -89.99788     -8            -83 
 226          -69.50063     -8            -62 
 227          -70.99995     -8            -64 
 228          -34           -8            -27 
 229          -35.5         -8            -28 
 230          -74           -8            -67 
 231          -45.5         -8            -38 
 232          -56           -8            -49 
 233          -120.4961     -8            -113 
 234          -84.5022      -8            -77 
 235          -38.00284     -8            -31 
 236          -115.9952     -8            -109 
 237          -103.5008     -8            -96 
 238          -62.5025      -8            -55 
 239          -46.50098     -8            -39 
 240          -97.49689     -8            -90 
 241          -105.9995     -8            -99 
 242          -6.469727E-03               -8             7 
 243          -53.9967      -8            -47 
 244          -81.99829     -8            -75 
 245          -5.004883E-03               -8             7 
 246          -145.4911     -8            -138 
 247          -79.50403     -8            -72 
 248           13.99429     -8             21 
 249          -53.99585     -8            -47 
 250          -59.99963     -8            -53 
 251          -127.9958     -8            -121 
 252          -97.00189     -8            -90 
 253          -65.00195     -8            -58 
 254          -119.9966     -8            -113 
 255          -85.00214     -8            -78 
 256          -120.4978     -8            -113 
 257          -83.00229     -8            -76 
 258          -43.00244     -8            -36 
 259          -5.002319     -8             2 
 260          -54.49698     -8            -47 
 261           36.49445     -8             44 
 262          -80.49286     -8            -73 
 263          -65.00095     -8            -58 
 264          -74.49942     -8            -67 
 265          -81.49957     -8            -74 
 266          -24.00351     -8            -17 
 267          -30.99957     -8            -24 
 268          -31           -8            -24 
 269          -58.49832     -8            -51 
 270          -4.503296     -8             3 
 271          -60.99655     -8            -54 
 272          -57.50021     -8            -50 
 273          -23.50208     -8            -16 
 274          -11.50073     -8            -4 
 275          -27.49902     -8            -20 
 276           21.49701     -8             29 
 277           11.50061     -8             19 
 278           29.4989      -8             37 
 279          -73.49371     -8            -66 
 280          -47.00162     -8            -40 
 281          -103.4966     -8            -96 
 282          -121.4989     -8            -114 
 283          -43.00479     -8            -36 
 284          -175.9919     -8            -169 
 285          -8.010254     -8            -1 
 286          -24.49899     -8            -17 
 287          -52.49829     -8            -45 
 288          -91.49762     -8            -84 
 289          -95.49976     -8            -88 
 290          -69.50159     -8            -62 
 291          -102.998      -8            -96 
 292          -33.00427     -8            -26 
 293          -87.99664     -8            -81 
 294          -103.4991     -8            -96 
 295          -9.505737     -8            -2 
 296          -37.49829     -8            -30 
 297          -70.49799     -8            -63 
 298          -82.99924     -8            -76 
 299          -47.50217     -8            -40 
 300          -51.49976     -8            -44 
 301          -35.00101     -8            -28 
 302          -53.49887     -8            -46 
 303          -82.9982      -8            -76 
 304          -95.99921     -8            -89 
 305          -83.50076     -8            -76 
 306          -43.50244     -8            -36 
 307          -132.9945     -8            -126 
 308          -45.50534     -8            -38 
 309          -27.00113     -8            -20 
 310          -24.50015     -8            -17 
 311          -106.495      -8            -99 
 312          -80.50159     -8            -73 
 313          -53.00168     -8            -46 
 314          -102.9969     -8            -96 
 315           2.493561     -8             10 
 316          -50.49677     -8            -43 
 317          -92.49744     -8            -85 
 318          -50.50256     -8            -43 
 319          -105.4966     -8            -98 
 320           12.99277     -8             20 
 321          -86.49393     -8            -79 
 322          -151.996      -8            -145 
 323          -116.0022     -8            -109 
 324          -37.00482     -8            -30 
 325          -129.9943     -8            -123 
 326          -16.50693     -8            -9 
 327          -70.99667     -8            -64 
 328          -71.49997     -8            -64 
 329          -60.0007      -8            -53 
 330          -87.49832     -8            -80 
 331          -94.49957     -8            -87 
 332          -39.50336     -8            -32 
 333          -62.99857     -8            -56 
 334          -71.99945     -8            -65 
 335          -32.00244     -8            -25 
 336          -110.4952     -8            -103 
 337          -75.00217     -8            -68 
 338          -32.00262     -8            -25 
 339          -47.49905     -8            -40 
 340          -97.49695     -8            -90 
 341          -95.50012     -8            -88 
 342          -137.4974     -8            -130 
 343          -144.4996     -8            -137 
 344          -35.50665     -8            -28 
 345          -72.99771     -8            -66 
 346          -66.5004      -8            -59 
 347          -80.49915     -8            -73 
 348          -90.49939     -8            -83 
 349          -94.49976     -8            -87 
 350          -172.9952     -8            -166 
 351          -100.5044     -8            -93 
 352          -43.50348     -8            -36 
 353          -65.49866     -8            -58 
 354          -194.4921     -8            -187 
 355          -104.0055     -8            -97 
 356          -84.50119     -8            -77 
 357          -97.99918     -8            -91 
 358          -168.9957     -8            -162 
 359          -99.00427     -8            -92 
 360          -120.9987     -8            -114 
 361          -68.00323     -8            -61 
 362          -70.49985     -8            -63 
 363          -145.4954     -8            -138 
 364          -9.508301     -8            -2 
 365          -173.49       -8            -166 
 366          -101.5044     -8            -94 
 367          -35.50403     -8            -28 
 368          -60.99844     -8            -54 
 369           7.495819     -8             15 
 370          -40.99704     -8            -34 
 371          -30.00067     -8            -23 
 372          -106.4953     -8            -99 
 373          -4.006256     -8             3 
 374          -63.49637     -8            -56 
 375          -48.00095     -8            -41 
 376          -111.9961     -8            -105 
 377          -142.4981     -8            -135 
 378          -61.50494     -8            -54 
 379          -37.50146     -8            -30 
 380          -131.4943     -8            -124 
 381          -121.0006     -8            -114 
 382          -57.50388     -8            -50 
 383          -78.99869     -8            -72 
 384          -31.00293     -8            -24 
 385          -109.9952     -8            -103 
 386          -78.00195     -8            -71 
 387          -95.9989      -8            -89 
 388          -55.0025      -8            -48 
 389          -127.4956     -8            -120 
 390          -178.9969     -8            -172 
 391          -135.0027     -8            -128 
 392          -87.00293     -8            -80 
 393          -74.50076     -8            -67 
 394          -111.4977     -8            -104 
 395          -73.00235     -8            -66 
 396          -110.9977     -8            -104 
 397          -74.00226     -8            -67 
 398          -123.497      -8            -116 
 399          -56.50409     -8            -49 
 400          -111.4966     -8            -104 
 401          -61.50305     -8            -54 
 402          -77.99899     -8            -71 
 403          -23.50333     -8            -16 
 404          -22.00009     -8            -15 
 405           9.498077     -8             17 
 406          -82.49438     -8            -75 
 407          -36.50281     -8            -29 
 408          -70.99789     -8            -64 
 409          -48.50137     -8            -41 
 410          -91.99734     -8            -85 
 411          -82.00061     -8            -75 
 412          -90.49948     -8            -83 
 413          -57.50201     -8            -50 
 414          -99.49744     -8            -92 
 415          -125.9984     -8            -119 
 416          -103.5014     -8            -96 
 417          -133.9981     -8            -127 
 418          -82.50314     -8            -75 
 419          -214.4919     -8            -207 
 420          -124.0055     -8            -117 
 421          -175.4969     -8            -168 
 422          -97.50476     -8            -90 
 423          -122.4985     -8            -115 
 424          -125.9998     -8            -119 
 425          -91.50211     -8            -84 
 426          -143.9968     -8            -137 
 427          -103.5025     -8            -96 
 428          -130.9983     -8            -124 
 429          -148.9989     -8            -142 
 430          -34.00702     -8            -27 
 431          -204.4896     -8            -197 
 432          -140.0039     -8            -133 
 433          -94.50278     -8            -87 
 434          -135.4975     -8            -128 
 435          -114.0013     -8            -107 
 436          -83.00189     -8            -76 
 437          -74.50052     -8            -67 
 438          -112.9977     -8            -106 
 439          -114.4999     -8            -107 
 440          -25.50543     -8            -18 
 441          -54.9982      -8            -48 
 442          -99.49728     -8            -92 
 443          -82.50104     -8            -75 
 444          -77.00034     -8            -70 
 445          -27.00305     -8            -20 
 446          -44.9989      -8            -38 
 447          -91.49716     -8            -84 
 448           16.99338     -8             24 
 449          -57.99542     -8            -51 
 450          -66.99945     -8            -60 
 451          -93.99835     -8            -87 
 452          -57.00226     -8            -50 
 453          -105.997      -8            -99 
 454           12.99274     -8             20 
 455          -6.49881      -8             1 
 456          -62.49658     -8            -55 
 457          -96.99789     -8            -90 
 458          -142.9972     -8            -136 
 459          -69.00452     -8            -62 
 460          -93.99847     -8            -87 
 461          -151.9965     -8            -145 
 462          -101.0031     -8            -94 
 463          -168.4959     -8            -161 
 464          -77.50555     -8            -70 
 465          -94.49896     -8            -87 
 466          -122.4983     -8            -115 
 467          -96.50159     -8            -89 
 468          -247.9908     -8            -241 
 469          -141.5065     -8            -134 
 470          -130.5007     -8            -123 
 471          -94.5022      -8            -87 
 472          -135.4975     -8            -128 
 473          -165.4982     -8            -158 
 474          -183.4989     -8            -176 
 475          -80.50629     -8            -73 
 476          -119.9976     -8            -113 
 477          -88.50192     -8            -81 
 478          -138.9969     -8            -132 
 479          -60.00482     -8            -53 
 480          -132.4956     -8            -125 
 481          -105.0017     -8            -98 
 482          -37.50412     -8            -30 
 483          -21.00101     -8            -14 
 484          -147.9922     -8            -141 
 485          -135.5008     -8            -128 
 486          -75.00369     -8            -68 
 487          -34.0025      -8            -27 
 488          -111.4953     -8            -104 
 489          -147.4978     -8            -140 
 490          -99.00296     -8            -92 
 491          -146.4971     -8            -139 
 492          -181.9978     -8            -175 
 493          -112.5042     -8            -105 
 494          -78.50208     -8            -71 
 495          -134.4966     -8            -127 
 496          -203.9958     -8            -197 
 497          -176.5017     -8            -169 
 498          -210.4979     -8            -203 
 499          -177.002      -8            -170 
 500          -214.9977     -8            -208 
 501          -127.5053     -8            -120 
 502          -76.50311     -8            -69 
 503          -102.4984     -8            -95 
 504          -153.9969     -8            -147 
 505          -96.00354     -8            -89 
 506          -30.504       -8            -23 
 507          -78.49707     -8            -71 
 508          -155.4953     -8            -148 
 509          -183.9983     -8            -177 
 510          -135.503      -8            -128 
 511          -128.0005     -8            -121 
 512          -94.00208     -8            -87 
 513          -62.00195     -8            -55 
 514          -108.9971     -8            -102 
 515          -12.00592     -8            -5 
 516          -94.99493     -8            -88 
 517          -1.005737     -8             6 
 518          -17.99896     -8            -11 
 519          -167.4909     -8            -160 
 520          -58.50665     -8            -51 
 521          -144.9947     -8            -138 
 522          -151.4996     -8            -144 
 523          -160.9994     -8            -154 
 524          -121.0024     -8            -114 
 525          -89.00195     -8            -82 
 526          -159.9957     -8            -153 
 527          -134.5016     -8            -127 
 528          -58.50464     -8            -51 
 529          -101.0006     -8            -94 
 530          -118.4971     -8            -111 
 531          -131.4968     -8            -124 
 532          -175.9983     -8            -169 
 533          -116.5016     -8            -109 
 534          -243.9906     -8            -237 
 535          -149.5047     -8            -142 
 536          -54.50659     -8            -47 
 537          -127.4948     -8            -120 
 538          -187.4958     -8            -180 
 539          -153.5013     -8            -146 
 540          -139.0023     -8            -132 
 541          -192.9966     -8            -186 
 542          -148.5013     -8            -141 
 543          -141.5012     -8            -134 
 544          -288.9923     -8            -282 
 545          -184.5061     -8            -177 
 546          -120.5049     -8            -113 
 547          -199.9953     -8            -193 
 548          -122.5049     -8            -115 
 549          -169.4954     -8            -162 
 550          -209.4965     -8            -202 
 551          -91.00674     -8            -84 
 552          -103.0026     -8            -96 
 553          -114.0003     -8            -107 
 554           5.991516     -8             13 
 555          -149.9871     -8            -143 
 556          -121.0015     -8            -114 
 557          -113.0027     -8            -106 
 558          -88.50064     -8            -81 
 559          -148.4961     -8            -141 
 560          -123.9993     -8            -117 
 561          -140.9996     -8            -134 
 562          -137.0026     -8            -130 
 563          -164.9969     -8            -158 
 564          -48.50943     -8            -41 
 565          -56.99985     -8            -50 
 566          -198.9901     -8            -192 
 567          -120.5066     -8            -113 
 568          -159.5005     -8            -152 
 569          -156.5006     -8            -149 
 570          -202.9941     -8            -196 
 571          -128.5053     -8            -121 
 572          -126.0023     -8            -119 
 573          -106.9982     -8            -100 
 574          -190.9941     -8            -184 
 575          -104.5053     -8            -97 
 576          -219.4911     -8            -212 
 577          -236.4964     -8            -229 
 578          -166.5045     -8            -159 
 579          -148.9989     -8            -142 
 580          -199.9977     -8            -193 
 581          -169.0049     -8            -162 
 582          -192.9991     -8            -186 
 583          -281.4937     -8            -274 
 584          -166.5044     -8            -159 
 585          -171.4979     -8            -164 
 586          -160.4995     -8            -153 
 587          -231.9943     -8            -225 
 588          -192.9996     -8            -186 
 589          -171.0041     -8            -164 
 590          -228.4973     -8            -221 
 591          -242.5023     -8            -235 
 592          -202.5029     -8            -195 
 593          -129.5063     -8            -122 
 594          -103.0028     -8            -96 
 595          -160.4969     -8            -153 
 596          -155.0005     -8            -148 
 597          -204.4989     -8            -197 
 598          -127.0038     -8            -120 
 599          -94.50198     -8            -87 
 600          -165.9977     -8            -159 
 601          -113.0005     -8            -106 
 602          -185.9971     -8            -179 
 603          -65.50449     -8            -58 
 604          -168.9958     -8            -162 
 605          -131.501      -8            -124 
 606          -115.9993     -8            -109 
 607          -66.50339     -8            -59 
 608          -184.9917     -8            -178 
 609          -188.0003     -8            -181 
 610          -247.4975     -8            -240 
 611          -182.5064     -8            -175 
 612          -167.002      -8            -160 
 613          -79.50394     -8            -72 
 614          -157.9964     -8            -151 
 615          -152.9998     -8            -146 
 616          -156.0016     -8            -149 
 617          -59.50864     -8            -52 
 618          -156.9933     -8            -150 
 619          -214.4944     -8            -207 
 620          -204.0014     -8            -197 
 621          -113.5061     -8            -106 
 622          -149.9994     -8            -143 
 623          -160.9971     -8            -154 
 624          -157.0032     -8            -150 
 625          -169.4994     -8            -162 
 626          -60.50946     -8            -53 
 627          -225.4901     -8            -218 
 628          -226.0007     -8            -219 
 629          -220.0013     -8            -213 
 630          -189.5027     -8            -182 
 631          -258.9967     -8            -252 
 632          -146.5071     -8            -139 
 633          -127.4995     -8            -120 
 634          -162.9976     -8            -156 
 635          -152.9985     -8            -146 
 636          -217.9971     -8            -211 
 637          -144.0026     -8            -137 
 638          -230.9943     -8            -224 
 639          -134.0092     -8            -127 
 640          -148.9969     -8            -142 
 641          -212.4942     -8            -205 
 642          -156.5026     -8            -149 
 643          -169.4988     -8            -162 
 644          -217.9992     -8            -211 
 645          -212.4973     -8            -205 
 646          -207.4996     -8            -200 
 647          -180.0006     -8            -173 
 648          -210.9948     -8            -204 
 649          -154.004      -8            -147 
 650          -175.999      -8            -169 
 651          -131.0014     -8            -124 
 652          -244.4928     -8            -237 
 653          -132.006      -8            -125 
 654          -166.4978     -8            -159 
 655          -173.0007     -8            -166 
 656          -218.4977     -8            -211 
 657          -166.5012     -8            -159 
 658          -197.9971     -8            -191 
 659          -195.5025     -8            -188 
 660          -193.0006     -8            -186 
 661          -210.9979     -8            -204 
 662          -173.5032     -8            -166 
 663          -220.4949     -8            -213 
 664          -167.0049     -8            -160 
 665          -257.4911     -8            -250 
 666          -175.007      -8            -168 
 667          -223.4972     -8            -216 
 668          -242.4996     -8            -235 
 669          -188.0032     -8            -181 
 670          -226.4961     -8            -219 
 671          -193.0049     -8            -186 
 672          -159.0031     -8            -152 
 673          -215.4975     -8            -208 
 674          -208.9987     -8            -202 
 675          -258.5003     -8            -251 
 676          -182.5043     -8            -175 
 677          -145.504      -8            -138 
 678          -186.9974     -8            -180 
 679          -156.5033     -8            -149 
 680          -196.9937     -8            -190 
 681          -110.0059     -8            -103 
 682          -272.4879     -8            -265 
 683          -234.5027     -8            -227 
 684          -227.0003     -8            -220 
 685          -157.5022     -8            -150 
 686          -178.0006     -8            -171 
 687          -179.0029     -8            -172 
 688          -212.4982     -8            -205 
 689          -188.0023     -8            -181 
 690          -186.4984     -8            -179 
 691          -221.4973     -8            -214 
 692          -171.003      -8            -164 
 693          -239.9967     -8            -233 
 694          -197.5017     -8            -190 
 695          -172.0013     -8            -165 
 696          -156.5003     -8            -149 
 697          -233.4958     -8            -226 
 698          -255.9976     -8            -249 
 699          -229.0029     -8            -222 
 700          -140.508      -8            -133 
 701          -192.9963     -8            -186 
 702          -199.0004     -8            -192 
 703          -215.0013     -8            -208 
 704          -135.505      -8            -128 
 705          -224.992      -8            -218 
 706          -273.4994     -8            -266 
 707          -149.0064     -8            -142 
 708          -187.4956     -8            -180 
 709          -260.9934     -8            -254 
 710          -247.4974     -8            -240 
 711          -189.5029     -8            -182 
 712          -267.9953     -8            -261 
 713          -214.0057     -8            -207 
 714          -125.5067     -8            -118 
 715          -256.4923     -8            -249 
 716          -195.507      -8            -188 
 717          -202.4977     -8            -195 
 718          -150.0024     -8            -143 
 719          -178.4967     -8            -171 
 720          -187          -8            -180 
 721          -217.9963     -8            -211 
 722          -224.999      -8            -218 
 723          -281.9954     -8            -275 
 724          -148.5086     -8            -141 
 725          -148.4988     -8            -141 
 726          -198.498      -8            -191 
 727          -222.9969     -8            -216 
 728          -220.0007     -8            -213 
 729          -212.9993     -8            -206 
 730          -130.0062     -8            -123 
 731          -257.493      -8            -250 
 732          -253.0034     -8            -246 
 733          -163.5061     -8            -156 
 734          -227.9951     -8            -221 
 735          -218.5013     -8            -211 
 736          -93.50916     -8            -86 
 737          -183.4956     -8            -176 
 738          -263.494      -8            -256 
 739          -157.507      -8            -150 
 740          -201.0001     -8            -194 
