Sample        Spectrum      Background    Delta
 0             52            13            38 
 1             60            13            46 
 2             65            13            51 
 3             54            13            40 
 4             46            13            32 
 5             48            13            34 
 6             56            13            42 
 7             60            13            46 
 8             46            13            32 
 9             75            13            61 
 10            60            13            46 
 11            62            13            48 
 12            86            13            72 
 13            64            13            50 
 14            70            13            56 
 15            84            13            70 
 16            76            13            62 
 17            75            13            61 
 18            86            13            72 
 19            111           13            97 
 20            95            13            81 
 21            91            13            77 
 22            82            13            68 
 23            85            13            71 
 24            115           13            101 
 25            119           13            105 
 26            109           13            95 
 27            105           13            91 
 28            94            13            80 
 29            108           13            94 
 30            107           13            93 
 31            97            13            83 
 32            102           13            88 
 33            113           13            99 
 34            124           13            110 
 35            89            13            75 
 36            112           13            98 
 37            170           13            156 
 38            141           13            127 
 39            138           13            124 
 40            158           13            144 
 41            167           13            153 
 42            167           13            153 
 43            164           13            150 
 44            170           13            156 
 45            175           13            161 
 46            169           13            155 
 47            184           13            170 
 48            214           13            200 
 49            236           13            222 
 50            239           13            225 
 51            228           13            214 
 52            229           13            215 
 53            258           13            244 
 54            271           13            257 
 55            254           13            240 
 56            262           13            248 
 57            277           13            263 
 58            277           13            263 
 59            326           13            312 
 60            323           13            309 
 61            290           13            276 
 62            305           13            291 
 63            344           13            330 
 64            363           13            349 
 65            349           13            335 
 66            371           13            357 
 67            371           13            357 
 68            395           13            381 
 69            416           13            402 
 70            453           13            439 
 71            454           13            440 
 72            463           13            449 
 73            498           13            484 
 74            467           13            453 
 75            490           13            476 
 76            492           13            478 
 77            523           13            509 
 78            503           13            489 
 79            525           13            511 
 80            560           13            546 
 81            575           13            561 
 82            605           13            591 
 83            617           13            603 
 84            650           13            636 
 85            648           13            634 
 86            647           13            633 
 87            656           13            642 
 88            674           13            660 
 89            662           13            648 
 90            707           13            693 
 91            735           13            721 
 92            733           13            719 
 93            748           13            734 
 94            768           13            754 
 95            774           13            760 
 96            782           13            768 
 97            805           13            791 
 98            835           13            821 
 99            805           13            791 
 100           834           13            820 
 101           824           13            810 
 102           822           13            808 
 103           838           13            824 
 104           838           13            824 
 105           863           13            849 
 106           855           13            841 
 107           863           13            849 
 108           894           13            880 
 109           944           13            930 
 110           918           13            904 
 111           868           13            854 
 112           895           13            881 
 113           935           13            921 
 114           926           13            912 
 115           963           13            949 
 116           966           13            952 
 117           981           13            967 
 118           993           13            979 
 119           1013          13            999 
 120           971           13            957 
 121           1002          13            988 
 122           1032          13            1018 
 123           1016          13            1002 
 124           1050          13            1036 
 125           1093          13            1079 
 126           1088          13            1074 
 127           1075          13            1061 
 128           1071          13            1057 
 129           1080          13            1066 
 130           1116          13            1102 
 131           1128          13            1114 
 132           1142          13            1128 
 133           1138          13            1124 
 134           1177          13            1163 
 135           1139          13            1125 
 136           1202          13            1188 
 137           1192          13            1178 
 138           1234          13            1220 
 139           1213          13            1199 
 140           1247          13            1233 
 141           1289          13            1275 
 142           1281          13            1267 
 143           1270          13            1256 
 144           1304          13            1290 
 145           1302          13            1288 
 146           1320          13            1306 
 147           1329          13            1315 
 148           1368          13            1354 
 149           1406          13            1392 
 150           1449          13            1435 
 151           1459          13            1445 
 152           1465          13            1451 
 153           1498          13            1484 
 154           1534          13            1520 
 155           1563          13            1549 
 156           1592          13            1578 
 157           1593          13            1579 
 158           1658          13            1644 
 159           1673          13            1659 
 160           1658          13            1644 
 161           1727          13            1713 
 162           1795          13            1781 
 163           1810          13            1796 
 164           1834          13            1820 
 165           1863          13            1849 
 166           1876          13            1862 
 167           1875          13            1861 
 168           1981          13            1967 
 169           2070          13            2056 
 170           2059          13            2045 
 171           2078          13            2064 
 172           2135          13            2121 
 173           2149          13            2135 
 174           2198          13            2184 
 175           2231          13            2217 
 176           2273          13            2259 
 177           2302          13            2288 
 178           2351          13            2337 
 179           2393          13            2379 
 180           2418          13            2404 
 181           2428          13            2414 
 182           2535          13            2521 
 183           2577          13            2563 
 184           2644          13            2630 
 185           2702          13            2688 
 186           2814          13            2800 
 187           2884          13            2870 
 188           2947          13            2933 
 189           3044          13            3030 
 190           3253          13            3239 
 191           3276          13            3262 
 192           3172          13            3158 
 193           3306          13            3292 
 194           3636          13            3622 
 195           3815          13            3801 
 196           3766          13            3752 
 197           3588          13            3574 
 198           3705          13            3691 
 199           4063          13            4049 
 200           4498          13            4484 
 201           4741          13            4727 
 202           4666          13            4652 
 203           4396          13            4382 
 204           4103          13            4089 
 205           4196          13            4182 
 206           4643          13            4629 
 207           5260          13            5246 
 208           5938          13            5924 
 209           6349          13            6335 
 210           6346          13            6332 
 211           5837          13            5823 
 212           5193          13            5179 
 213           4732          13            4718 
 214           4741          13            4727 
 215           5342          13            5328 
 216           6158          13            6144 
 217           7056          13            7042 
 218           7698          13            7684 
 219           8260          13            8246 
 220           8482          13            8468 
 221           8493          13            8479 
 222           8174          13            8160 
 223           7408          13            7394 
 224           6384          13            6370 
 225           5657          13            5643 
 226           5532          13            5518 
 227           6085          13            6071 
 228           6924          13            6910 
 229           7927          13            7913 
 230           8977          13            8963 
 231           9788          13            9774 
 232           10419         13            10405 
 233           10797         13            10783 
 234           10861         13            10847 
 235           10961         13            10947 
 236           11160         13            11146 
 237           11287         13            11273 
 238           11066         13            11052 
 239           10650         13            10636 
 240           9838          13            9824 
 241           8571          13            8557 
 242           7424          13            7410 
 243           7012          13            6998 
 244           7499          13            7485 
 245           8525          13            8511 
 246           9851          13            9837 
 247           11016         13            11002 
 248           12021         13            12007 
 249           13019         13            13005 
 250           13743         13            13729 
 251           14360         13            14346 
 252           14800         13            14786 
 253           15116         13            15102 
 254           15494         13            15480 
 255           15765         13            15751 
 256           16125         13            16111 
 257           16425         13            16411 
 258           16648         13            16634 
 259           16771         13            16757 
 260           17046         13            17032 
 261           17269         13            17255 
 262           17274         13            17260 
 263           17176         13            17162 
 264           16859         13            16845 
 265           16021         13            16007 
 266           14822         13            14808 
 267           12991         13            12977 
 268           11405         13            11391 
 269           11165         13            11151 
 270           12120         13            12106 
 271           13787         13            13773 
 272           15630         13            15616 
 273           17429         13            17415 
 274           18847         13            18833 
 275           20213         13            20199 
 276           21055         13            21041 
 277           21596         13            21582 
 278           22245         13            22231 
 279           22728         13            22714 
 280           22989         13            22975 
 281           23367         13            23353 
 282           23509         13            23495 
 283           23679         13            23665 
 284           23921         13            23907 
 285           24079         13            24065 
 286           24245         13            24231 
 287           24379         13            24365 
 288           24486         13            24472 
 289           24571         13            24557 
 290           24687         13            24673 
 291           24708         13            24694 
 292           24776         13            24762 
 293           24860         13            24846 
 294           24959         13            24945 
 295           25099         13            25085 
 296           25287         13            25273 
 297           25270         13            25256 
 298           25381         13            25367 
 299           25419         13            25405 
 300           25239         13            25225 
 301           25190         13            25176 
 302           25143         13            25129 
 303           24828         13            24814 
 304           24293         13            24279 
 305           23460         13            23446 
 306           21974         13            21960 
 307           19655         13            19641 
 308           17235         13            17221 
 309           16083         13            16069 
 310           16887         13            16873 
 311           18839         13            18825 
 312           20915         13            20901 
 313           22774         13            22760 
 314           24334         13            24320 
 315           25438         13            25424 
 316           26358         13            26344 
 317           26982         13            26968 
 318           27541         13            27527 
 319           27900         13            27886 
 320           28372         13            28358 
 321           28785         13            28771 
 322           29072         13            29058 
 323           29444         13            29430 
 324           29529         13            29515 
 325           29795         13            29781 
 326           30101         13            30087 
 327           30253         13            30239 
 328           30349         13            30335 
 329           30332         13            30318 
 330           30698         13            30684 
 331           30919         13            30905 
 332           31403         13            31389 
 333           31763         13            31749 
 334           32202         13            32188 
 335           32680         13            32666 
 336           33111         13            33097 
 337           33720         13            33706 
 338           34550         13            34536 
 339           35206         13            35192 
 340           35995         13            35981 
 341           36758         13            36744 
 342           37450         13            37436 
 343           38448         13            38434 
 344           39251         13            39237 
 345           40273         13            40259 
 346           41203         13            41189 
 347           42164         13            42150 
 348           43124         13            43110 
 349           43903         13            43889 
 350           44976         13            44962 
 351           45860         13            45846 
 352           46818         13            46804 
 353           47740         13            47726 
 354           48544         13            48530 
 355           49129         13            49115 
 356           49777         13            49763 
 357           50264         13            50250 
 358           50683         13            50669 
 359           51023         13            51009 
 360           51365         13            51351 
 361           51629         13            51615 
 362           51869         13            51855 
 363           51981         13            51967 
 364           52041         13            52027 
 365           52171         13            52157 
 366           52308         13            52294 
 367           52189         13            52175 
 368           52087         13            52073 
 369           52035         13            52021 
 370           51534         13            51520 
 371           50677         13            50663 
 372           48912         13            48898 
 373           45613         13            45599 
 374           41056         13            41042 
 375           36616         13            36602 
 376           34979         13            34965 
 377           36307         13            36293 
 378           38309         13            38295 
 379           40199         13            40185 
 380           41778         13            41764 
 381           42788         13            42774 
 382           43524         13            43510 
 383           44014         13            44000 
 384           44064         13            44050 
 385           43954         13            43940 
 386           44073         13            44059 
 387           44182         13            44168 
 388           44308         13            44294 
 389           44562         13            44548 
 390           44793         13            44779 
 391           44912         13            44898 
 392           45486         13            45472 
 393           46083         13            46069 
 394           46952         13            46938 
 395           47895         13            47881 
 396           48957         13            48943 
 397           50251         13            50237 
 398           51889         13            51875 
 399           53838         13            53824 
 400           55628         13            55614 
 401           57678         13            57664 
 402           59722         13            59708 
 403           61711         13            61697 
 404           64205         13            64191 
 405           66242         13            66228 
 406           68135         13            68121 
 407           70106         13            70092 
 408           71842         13            71828 
 409           73417         13            73403 
 410           74900         13            74886 
 411           76242         13            76228 
 412           76977         13            76963 
 413           78061         13            78047 
 414           79207         13            79193 
 415           79911         13            79897 
 416           81273         13            81259 
 417           82391         13            82377 
 418           83154         13            83140 
 419           84407         13            84393 
 420           85348         13            85334 
 421           85895         13            85881 
 422           86692         13            86678 
 423           87042         13            87028 
 424           86679         13            86665 
 425           86157         13            86143 
 426           85171         13            85157 
 427           83525         13            83511 
 428           82088         13            82074 
 429           80395         13            80381 
 430           78453         13            78439 
 431           76382         13            76368 
 432           74211         13            74197 
 433           72299         13            72285 
 434           70857         13            70843 
 435           69396         13            69382 
 436           67908         13            67894 
 437           67003         13            66989 
 438           65951         13            65937 
 439           64850         13            64836 
 440           64459         13            64445 
 441           64079         13            64065 
 442           63836         13            63822 
 443           63688         13            63674 
 444           63826         13            63812 
 445           64080         13            64066 
 446           64809         13            64795 
 447           65965         13            65951 
 448           66935         13            66921 
 449           68423         13            68409 
 450           70039         13            70025 
 451           72017         13            72003 
 452           74724         13            74710 
 453           77426         13            77412 
 454           79637         13            79623 
 455           82340         13            82326 
 456           84611         13            84597 
 457           85887         13            85873 
 458           87055         13            87041 
 459           88196         13            88182 
 460           88906         13            88892 
 461           89663         13            89649 
 462           90317         13            90303 
 463           90802         13            90788 
 464           91681         13            91667 
 465           92586         13            92572 
 466           93935         13            93921 
 467           95595         13            95581 
 468           97309         13            97295 
 469           99565         13            99551 
 470           102795        13            102781 
 471           105625        13            105611 
 472           108474        13            108460 
 473           111507        13            111493 
 474           114133        13            114119 
 475           115647        13            115633 
 476           116704        13            116690 
 477           116560        13            116546 
 478           114570        13            114556 
 479           112406        13            112392 
 480           109297        13            109283 
 481           105935        13            105921 
 482           102468        13            102454 
 483           99358         13            99344 
 484           96152         13            96138 
 485           93368         13            93354 
 486           90535         13            90521 
 487           87594         13            87580 
 488           85492         13            85478 
 489           82493         13            82479 
 490           78638         13            78624 
 491           74103         13            74089 
 492           71251         13            71237 
 493           71836         13            71822 
 494           74131         13            74117 
 495           76168         13            76154 
 496           77802         13            77788 
 497           79339         13            79325 
 498           80581         13            80567 
 499           81840         13            81826 
 500           83397         13            83383 
 501           84709         13            84695 
 502           85393         13            85379 
 503           84858         13            84844 
 504           82615         13            82601 
 505           80518         13            80504 
 506           80137         13            80123 
 507           80378         13            80364 
 508           80120         13            80106 
 509           80200         13            80186 
 510           79758         13            79744 
 511           79044         13            79030 
 512           78756         13            78742 
 513           77655         13            77641 
 514           76410         13            76396 
 515           75003         13            74989 
 516           73492         13            73478 
 517           73127         13            73113 
 518           73865         13            73851 
 519           75244         13            75230 
 520           77841         13            77827 
 521           81415         13            81401 
 522           85280         13            85266 
 523           89076         13            89062 
 524           93161         13            93147 
 525           96510         13            96496 
 526           98554         13            98540 
 527           98990         13            98976 
 528           94222         13            94208 
 529           83944         13            83930 
 530           76981         13            76967 
 531           77420         13            77406 
 532           79971         13            79957 
 533           81042         13            81028 
 534           80773         13            80759 
 535           79816         13            79802 
 536           78517         13            78503 
 537           76517         13            76503 
 538           74555         13            74541 
 539           72853         13            72839 
 540           70903         13            70889 
 541           68947         13            68933 
 542           67396         13            67382 
 543           65033         13            65019 
 544           62018         13            62004 
 545           58959         13            58945 
 546           56259         13            56245 
 547           53479         13            53465 
 548           51166         13            51152 
 549           49044         13            49030 
 550           46568         13            46554 
 551           44074         13            44060 
 552           41455         13            41441 
 553           38914         13            38900 
 554           36738         13            36724 
 555           34579         13            34565 
 556           32694         13            32680 
 557           31314         13            31300 
 558           30042         13            30028 
 559           28888         13            28874 
 560           27939         13            27925 
 561           26911         13            26897 
 562           25821         13            25807 
 563           24244         13            24230 
 564           23007         13            22993 
 565           22365         13            22351 
 566           21838         13            21824 
 567           21184         13            21170 
 568           20136         13            20122 
 569           18609         13            18595 
 570           16846         13            16832 
 571           15511         13            15497 
 572           14810         13            14796 
 573           14179         13            14165 
 574           13908         13            13894 
 575           14229         13            14215 
 576           14841         13            14827 
 577           15118         13            15104 
 578           14976         13            14962 
 579           14450         13            14436 
 580           13689         13            13675 
 581           12476         13            12462 
 582           10978         13            10964 
 583           9589          13            9575 
 584           8383          13            8369 
 585           7309          13            7295 
 586           6297          13            6283 
 587           5353          13            5339 
 588           4470          13            4456 
 589           3803          13            3789 
 590           3155          13            3141 
 591           2561          13            2547 
 592           2161          13            2147 
 593           1806          13            1792 
 594           1467          13            1453 
 595           1199          13            1185 
 596           1045          13            1031 
 597           847           13            833 
 598           713           13            699 
 599           615           13            601 
 600           458           13            444 
 601           400           13            386 
 602           387           13            373 
 603           361           13            347 
 604           307           13            293 
 605           290           13            276 
 606           256           13            242 
 607           275           13            261 
 608           224           13            210 
 609           237           13            223 
 610           197           13            183 
 611           198           13            184 
 612           248           13            234 
 613           237           13            223 
 614           228           13            214 
 615           245           13            231 
 616           220           13            206 
 617           234           13            220 
 618           244           13            230 
 619           202           13            188 
 620           207           13            193 
 621           183           13            169 
 622           189           13            175 
 623           146           13            132 
 624           204           13            190 
 625           238           13            224 
 626           197           13            183 
 627           183           13            169 
 628           192           13            178 
 629           208           13            194 
 630           216           13            202 
 631           146           13            132 
 632           151           13            137 
 633           177           13            163 
 634           188           13            174 
 635           174           13            160 
 636           167           13            153 
 637           174           13            160 
 638           190           13            176 
 639           176           13            162 
 640           198           13            184 
 641           186           13            172 
 642           166           13            152 
 643           149           13            135 
 644           175           13            161 
 645           170           13            156 
 646           147           13            133 
 647           163           13            149 
 648           154           13            140 
 649           172           13            158 
 650           163           13            149 
 651           158           13            144 
 652           153           13            139 
 653           190           13            176 
 654           201           13            187 
 655           187           13            173 
 656           194           13            180 
 657           158           13            144 
 658           143           13            129 
 659           142           13            128 
 660           165           13            151 
 661           151           13            137 
 662           157           13            143 
 663           182           13            168 
 664           168           13            154 
 665           171           13            157 
 666           163           13            149 
 667           150           13            136 
 668           152           13            138 
 669           158           13            144 
 670           166           13            152 
 671           154           13            140 
 672           150           13            136 
 673           132           13            118 
 674           147           13            133 
 675           164           13            150 
 676           162           13            148 
 677           125           13            111 
 678           140           13            126 
 679           164           13            150 
 680           160           13            146 
 681           172           13            158 
 682           168           13            154 
 683           154           13            140 
 684           160           13            146 
 685           136           13            122 
 686           158           13            144 
 687           0             13           -14 
 688           0             13           -14 
 689           15            13            1 
 690           261           13            247 
 691           299           13            285 
 692           224           13            210 
 693           197           13            183 
 694           197           13            183 
 695           175           13            161 
 696           159           13            145 
 697           134           13            120 
 698           129           13            115 
 699           126           13            112 
 700           110           13            96 
 701           95            13            81 
 702           95            13            81 
 703           92            13            78 
 704           95            13            81 
 705           84            13            70 
 706           59            13            45 
 707           58            13            44 
 708           41            13            27 
 709           76            13            62 
 710           61            13            47 
 711           40            13            26 
 712           64            13            50 
 713           79            13            65 
 714           95            13            81 
 715           69            13            55 
 716           102           13            88 
 717           73            13            59 
 718           50            13            36 
 719           51            13            37 
 720           61            13            47 
 721           42            13            28 
 722           69            13            55 
 723           72            13            58 
 724           86            13            72 
 725           72            13            58 
 726           54            13            40 
 727           60            13            46 
 728           69            13            55 
 729           62            13            48 
 730           62            13            48 
 731           61            13            47 
 732           54            13            40 
 733           50            13            36 
 734           52            13            38 
 735           65            13            51 
 736           48            13            34 
 737           53            13            39 
 738           51            13            37 
 739           70            13            56 
 740           66            13            52 
 741           49            13            35 
 742           31            13            17 
 743           65            13            51 
 744           68            13            54 
 745           69            13            55 
 746           66            13            52 
 747           52            13            38 
 748           75            13            61 
 749           63            13            49 
 750           44            13            30 
 751           46            13            32 
 752           55            13            41 
